" : 629 1204 2347 2502 2663 3030 4324 4722 5096 7009 8507 
' : 3634 4831 4934 5413 
- : 78 80 82 89 135 142 146 155 166 169 172 177 218 221 228 232 234 240 296 303 306 308 364 370 454 459 463 466 471 475 496 503 514 519 727 733 755 758 776 782 866 871 909 912 956 960 974 978 1018 1025 1121 1128 1146 1152 1208 1213 1238 1243 1257 1261 1281 1287 1304 1311 1409 1413 1417 1420 1464 1468 1501 1504 1562 1565 1614 1617 1621 1624 1710 1716 1855 1857 1892 1897 1927 1930 1933 1936 2249 2255 2261 2269 2271 2277 2363 2366 2452 2458 2482 2491 2509 2513 2537 2563 2567 2572 2576 2588 2591 2594 2598 2608 2610 2724 2727 2747 2749 2801 2810 2813 2822 2827 2832 2887 2889 2943 2946 2988 2998 3007 3012 3040 3042 3053 3061 3068 3070 3112 3116 3178 3184 3203 3210 3226 3270 3273 3389 3393 3407 3413 3427 3432 3609 3615 3664 3672 3697 3702 3708 3713 3727 3730 3736 3740 3762 3765 3819 3823 4004 4007 4015 4019 4022 4027 4077 4079 4083 4087 4132 4136 4157 4164 4225 4228 4277 4283 4456 4458 4477 4482 4595 4599 4653 4659 4886 4892 4903 4905 4971 4973 5022 5029 5062 5069 5173 5177 5507 5509 5514 5516 5598 5605 5792 5797 5806 5809 5858 5860 6053 6056 6136 6139 6371 6376 6411 6414 6451 6454 6461 6464 6486 6488 6550 6555 6613 6616 6618 6623 6774 6776 7043 7049 7165 7170 7326 7334 7390 7395 7513 7521 7643 7651 7751 7755 7888 7890 7892 7894 7896 7898 7972 7977 7981 7987 7995 8002 8049 8057 8073 8077 8205 8210 8223 8230 8282 8288 8340 8343 8373 8381 8519 8525 8528 8531 8610 8614 8620 8622 8644 8651 8753 8759 8765 8771 8777 8783 8789 8792 8827 8831 8863 8866 8883 8885 8907 8916 8928 8934 8964 8971 8974 8977 9011 9016 9083 9087 9111 9114 9389 9395 9400 9405 9430 9433 
. : 326 2075 2534 3224 6429 7287 8036 8422 
0 : 984 1004 
1 : 154 3648 5991 
2 : 611 5700 7184 8251 8895 
3 : 1682 1687 4293 8301 
4 : 5209 
7 : 2119 
8 : 1456 4866 
A : 0 34 81 120 168 178 222 298 309 331 371 476 661 855 935 962 992 1219 1305 1333 1342 1392 1443 1525 1537 1566 1581 1615 1645 1804 1862 2132 2291 2414 2430 2465 2531 2577 2627 2660 2696 2766 2842 2871 2891 2905 2922 3054 3122 3162 3190 3375 3437 3482 3492 3518 3599 3605 3632 3746 3782 3797 3824 3865 3951 3991 4005 4012 4023 4182 4263 4306 4338 4467 4497 4650 4660 4664 4842 4881 4964 4996 5019 5081 5198 5205 5235 5390 5629 5836 6066 6140 6182 6203 6220 6244 6289 6377 6425 6495 6551 6686 6693 6754 6822 7103 7144 7272 7364 7372 7391 7419 7423 7475 7547 7603 7821 7851 7873 7899 8130 8257 8333 8406 8652 8665 8833 8947 9026 9058 9173 9205 9210 9277 9327 9368 9465 
B : 68 69 79 125 156 157 171 220 287 307 318 549 563 660 705 835 961 1026 1122 1383 1390 1391 1585 1589 1593 1597 1667 1673 1679 1690 1991 2142 2246 2270 2278 2384 2515 2695 2904 3002 3052 3297 3352 3366 3414 3445 3450 3690 3692 3737 3771 3774 3996 4071 4078 4101 4133 4390 4416 4473 4506 4636 4637 4648 4657 4658 4667 4668 4689 4716 4717 4732 4743 4745 4747 4832 4939 4944 4992 5033 5037 5140 5203 5215 5216 5217 5238 5274 5304 5361 5488 5518 5550 5552 5553 5558 5571 5614 5662 5736 5764 5892 5944 5989 6014 6310 6311 6312 6388 6389 6463 6477 6779 6783 6786 6789 6851 6940 7133 7137 7150 7280 7303 7315 7561 7659 7750 7784 7832 7889 7925 8155 8176 8212 8237 8249 8308 8344 8345 8389 8397 8398 8413 8414 8421 8470 8479 8558 8611 8629 8630 8631 8808 8828 8862 8897 9015 9053 9073 9089 9115 9195 9221 9296 9337 9362 9378 9401 9408 
C : 72 
D : 251 317 860 861 1008 1031 1076 1345 1346 1350 1355 1779 1928 2047 2150 2338 2503 2573 2939 2989 3382 3484 3549 3966 4237 4347 4429 4531 4718 5987 6346 6418 6481 7540 8213 8234 8266 8327 8697 9043 9066 9092 9268 
E : 245 684 1711 3169 4152 4575 5166 5691 5698 5745 6151 8088 8950 9137 9191 
F : 231 718 1491 1670 1955 2022 2835 3714 3929 3934 3981 4063 4623 4972 5351 5465 5551 6082 6225 6437 6834 6928 7062 7065 7068 7071 7074 7198 7581 7759 7895 7926 8300 8346 8437 8623 8959 9048 
G : 387 698 945 1197 1856 1865 1920 1960 2668 2967 3373 3377 3623 3691 4654 4746 4818 5292 5674 6242 6316 6412 6804 6810 7311 8238 8520 8526 8917 8948 8949 9038 
H : 73 77 111 167 170 219 229 310 321 336 348 350 376 380 386 418 453 477 506 632 728 756 759 869 870 894 1006 1007 1244 1340 1367 1442 1462 1476 1600 1884 1934 1937 1940 1956 2342 2354 2360 2484 2583 2592 2632 2644 2648 2883 2927 2959 2974 3008 3113 3287 3303 3402 3497 3537 3619 3640 3681 3684 3731 3817 3818 3825 3928 3933 3980 4008 4046 4100 4226 4443 4451 4462 4621 4711 4763 4803 4867 4904 4906 4974 5201 5220 5251 5329 5340 5374 5464 5478 5480 5561 5655 5861 6102 6177 6416 6468 6478 6614 6617 6838 6848 6875 6888 6961 6964 6970 7050 7094 7261 7307 7499 7633 7638 7950 8022 8059 8209 8318 8383 8500 8615 8621 8790 8799 8807 8832 9183 9193 9196 9246 9249 9299 9317 9333 9435 9443 
I : 20 90 92 109 129 158 173 185 202 204 242 260 271 337 343 588 648 702 709 735 770 773 777 783 824 830 877 913 916 931 976 996 999 1070 1079 1129 1164 1166 1172 1185 1205 1239 1315 1388 1410 1423 1427 1447 1469 1482 1538 1652 1654 1657 1661 1698 1719 1741 1768 1817 1821 1825 1833 1841 1886 1898 1931 1947 1973 2013 2028 2051 2053 2070 2091 2101 2111 2122 2126 2134 2155 2183 2187 2209 2214 2279 2287 2299 2301 2307 2319 2322 2325 2329 2340 2344 2361 2368 2372 2378 2380 2382 2385 2392 2407 2412 2415 2436 2441 2444 2453 2460 2472 2477 2479 2500 2518 2533 2540 2543 2545 2549 2556 2559 2564 2568 2578 2589 2596 2601 2618 2664 2671 2675 2698 2701 2711 2719 2741 2782 2790 2794 2814 2824 2856 2860 2861 2863 2874 2895 2897 2947 2950 2960 3018 3045 3071 3076 3088 3185 3212 3298 3310 3318 3367 3379 3394 3418 3424 3433 3439 3446 3494 3503 3510 3514 3516 3542 3564 3616 3644 3665 3670 3673 3698 3703 3741 3763 3766 3768 3801 3808 3828 3832 3834 3853 3855 3862 3879 3882 3900 3918 3930 3967 3982 3988 4000 4032 4068 4116 4127 4141 4230 4232 4342 4410 4490 4517 4532 4547 4590 4656 4661 4728 4749 4797 4851 4860 4872 4887 4896 4912 4923 4979 5004 5070 5082 5085 5097 5103 5141 5146 5178 5181 5221 5247 5296 5313 5369 5379 5418 5444 5470 5473 5489 5498 5510 5601 5606 5624 5663 5671 5705 5723 5726 5728 5765 5804 5815 5829 5842 5862 5869 5873 5880 5890 5905 5917 5924 5938 5966 5972 6006 6012 6021 6027 6043 6057 6083 6090 6096 6119 6127 6141 6164 6169 6190 6248 6256 6261 6267 6270 6283 6295 6351 6390 6394 6430 6439 6489 6497 6502 6506 6520 6547 6556 6576 6619 6625 6626 6632 6633 6645 6679 6683 6704 6706 6738 6741 6799 6801 6806 6867 6917 6929 6931 6978 7012 7088 7096 7161 7327 7408 7431 7442 7449 7468 7478 7480 7487 7497 7557 7564 7578 7625 7644 7662 7666 7705 7709 7716 7720 7722 7731 7762 7786 7804 7808 7817 7826 7833 7845 7862 7920 7930 7938 7957 7969 7975 7982 7984 7990 8003 8078 8082 8120 8126 8146 8167 8179 8187 8200 8227 8283 8309 8362 8368 8376 8465 8567 8587 8635 8660 8683 8686 8701 8710 8722 8726 8728 8804 8844 8852 8878 8880 8886 8889 8978 8991 9021 9027 9104 9158 9201 9211 9227 9237 9254 9265 9278 9284 9292 9297 9315 9321 9328 9338 9346 9364 9372 9412 9445 9447 9454 9474 
J : 424 732 757 760 808 884 986 1110 1498 2836 3772 3959 4030 4102 4651 4662 4850 4977 5202 8084 8297 8377 8405 8456 8604 8820 9050 9204 9354 
K : 353 513 540 1310 1318 1327 1453 1994 2001 2237 2257 3760 4070 4691 4791 4864 4910 5461 5859 5943 6011 6118 6157 6243 6280 9187 9192 9388 
L : 62 96 226 696 817 862 872 1178 1465 1484 1674 2538 3227 3256 3694 4088 4090 4649 4690 4706 4790 4930 5262 5362 5685 5811 5893 6038 6196 6331 6610 6650 6664 6716 6997 7032 7055 7159 7404 7658 8016 8616 8893 8954 9120 9385 9396 9437 
M : 128 543 975 1184 1278 1336 1551 1729 1757 1845 1867 1905 1989 1990 2026 2035 2106 2202 2224 2230 2643 2729 2750 2780 2823 3152 3360 3680 3992 4080 4193 4204 4216 4229 4471 5052 5110 5226 5227 5237 5256 5257 5303 5360 5460 5587 5660 5673 5675 5684 5810 6059 6231 6297 6298 6309 6387 6612 6833 6927 6937 6938 7155 7168 7314 7362 7733 7771 8185 8216 8247 8469 8545 8577 8673 8676 9180 9222 9271 9308 9434 
N : 183 241 320 504 650 717 1153 1288 1618 1717 1828 1945 2069 2078 2296 2335 2337 2350 2375 2595 2631 2788 3031 3062 3100 3211 3491 4064 4065 4145 4171 4295 4526 4600 4631 4801 4816 5043 5213 5508 5515 5517 5526 5623 5626 5732 5868 6110 6115 6210 7112 7477 7546 7934 7996 8144 8211 8289 8290 8313 8325 8850 8965 9004 9062 9085 9182 9351 
O : 58 83 143 322 431 520 535 541 637 724 790 867 886 910 1142 1217 1248 1252 1267 1272 1291 1362 1414 1415 1418 1421 1483 1505 1633 1767 1776 1783 1787 1838 1839 1850 1877 1977 1981 1985 2008 2024 2328 2333 2377 2532 2548 2599 2755 2833 2873 2901 2903 2913 2938 3117 3126 3153 3208 3513 3547 3602 3607 3689 3935 4020 4054 4069 4278 4284 4333 4340 4358 4384 4392 4415 4652 4663 4705 4744 5023 5207 5211 5350 5455 5580 5653 5669 5793 5802 5803 5897 6122 6287 6291 6380 6384 6462 6487 6501 6504 6509 6510 6583 6584 6702 6763 6765 7097 7146 7187 7301 7357 7382 7412 7533 7535 7773 7780 7785 7906 7927 7942 8039 8104 8134 8178 8199 8236 8273 8350 8678 8794 8848 8855 8935 8936 9070 9102 9217 9253 9363 9450 
P : 423 712 731 807 841 883 1228 1262 1639 1854 2218 2787 3013 3461 3633 3695 4276 5613 6145 7692 7891 7893 7905 7953 7956 8819 9002 9203 
Q : 4879 
R : 472 716 816 1295 1490 1686 2245 2748 3468 3693 5348 5845 5941 6070 6782 7158 7369 7656 7689 7737 7738 7745 7746 7747 7749 7752 7897 7904 8074 8945 8958 9008 9088 
S : 108 180 257 311 460 464 532 614 957 1042 1189 1192 1253 1265 1312 1339 1495 1522 1625 1627 1659 1693 1739 1797 1893 1958 2067 2141 2143 2256 2272 2283 2357 2496 2689 2728 2775 2779 2855 2882 2944 2999 3069 3094 3098 3119 3158 3222 3254 3423 3569 3635 3650 3696 3858 4057 4177 4222 4294 4496 4584 4644 4645 4646 4865 4986 5210 5453 5459 5575 5586 5588 5661 5668 5676 5807 5916 6142 6455 6541 6817 6956 7095 7335 7341 7345 7418 7430 7562 7590 7610 7916 7932 8047 8048 8135 8184 8529 8656 8961 9046 9283 9314 9406 9481 9484 
T : 35 144 188 196 199 281 327 388 455 488 580 625 640 741 786 818 853 926 1100 1214 1246 1326 1347 1360 1502 1563 1671 1705 1747 1754 1805 1810 1858 1921 2038 2040 2042 2044 2046 2048 2085 2103 2145 2159 2204 2248 2398 2447 2493 2510 2611 2656 2680 2770 2786 2847 2888 2915 2923 2977 2980 2985 2997 3102 3166 3171 3179 3196 3218 3236 3251 3268 3271 3274 3276 3278 3280 3282 3284 3408 3451 3462 3466 3522 3528 3529 3752 3779 3792 3887 3925 3943 3970 3979 4003 4025 4028 4093 4174 4273 4286 4291 4292 4300 4315 4367 4371 4377 4386 4402 4426 4434 4438 4459 4488 4498 4565 4593 4596 4604 4607 4686 4712 4767 4836 4908 4915 5013 5063 5200 5327 5342 5545 5583 5612 5677 5701 5703 5770 5774 5852 5901 5931 5936 6003 6124 6147 6226 6348 6511 6513 6538 6586 6611 6653 6749 6777 6794 6796 6900 6984 6988 7019 7077 7123 7209 7258 7312 7348 7396 7398 7458 7463 7494 7522 7526 7537 7587 7594 7607 7652 7684 7687 7693 7735 7764 7791 7902 7907 7936 7952 7988 8010 8027 8091 8163 8241 8263 8295 8305 8378 8395 8420 8459 8475 8485 8495 8535 8581 8585 8596 8625 8645 8818 8821 8864 8867 8869 8871 8873 8901 8903 8905 8922 8924 8926 8952 8968 8975 8983 9006 9012 9017 9108 9112 9122 9138 9188 9219 9223 9376 9379 9431 9467 
U : 98 842 3473 4014 4601 5397 7411 
V : 126 1863 2247 2250 3115 3388 3576 3671 4921 5349 5462 6058 6072 7085 7674 7675 7715 7748 7924 8248 8307 8352 8732 8929 9353 
W : 114 147 150 297 304 319 338 365 374 391 392 393 497 515 592 621 624 670 675 677 721 734 920 946 982 987 1019 1158 1209 1258 1266 1275 1293 1322 1331 1402 1406 1485 1612 1622 1651 1669 1675 1749 1786 1814 1902 1961 1965 2032 2064 2068 2090 2140 2149 2164 2173 2297 2391 2483 2492 2609 2669 2802 2811 2893 2918 2932 2970 3041 3043 3044 3050 3133 3175 3230 3234 3314 3329 3343 3386 3390 3428 3505 3535 3559 3593 3610 3629 3675 3709 3716 3728 3831 3870 3876 3919 3937 3962 3976 4016 4037 4067 4097 4115 4137 4148 4158 4243 4259 4335 4363 4381 4418 4457 4474 4483 4550 4558 4635 4642 4741 4748 4755 4833 4925 4945 5084 5134 5174 5186 5384 5387 5599 5762 5778 5846 5856 5982 6054 6113 6130 6158 6173 6198 6304 6401 6409 6422 6561 6636 6672 6712 6719 6728 6775 6839 6846 6943 6948 6952 6975 6982 7044 7166 7171 7175 7191 7224 7244 7254 7337 7352 7358 7384 7387 7440 7514 7523 7676 7680 7742 7973 7978 8068 8111 8136 8206 8219 8224 8231 8245 8260 8302 8315 8341 8374 8388 8390 8399 8438 8532 8600 8605 8634 8704 8793 8843 8875 8884 8908 8939 8972 9098 9101 9145 9169 9185 9258 9304 9390 9470 
Y : 50 52 54 56 101 136 213 233 235 467 473 595 685 749 761 765 767 801 809 885 944 979 1012 1049 1064 1074 1092 1135 1138 1147 1226 1270 1282 1437 1440 1506 1601 1607 1608 1799 1836 1870 1907 1919 2020 2153 2194 2253 2258 2262 2311 2336 2364 2367 2370 2459 2505 2514 2615 2687 2725 2777 2781 2828 2851 2890 3014 3020 3027 3048 3056 3106 3128 3136 3204 3241 3259 3291 3331 3335 3339 3355 3371 3512 3523 3531 3551 3578 3608 3637 3656 3719 3756 3786 3820 3849 3897 3903 3910 3963 4084 4165 4189 4210 4341 4478 4544 4785 4893 4911 4951 4954 4962 5030 5072 5157 5193 5214 5249 5250 5481 5523 5549 5554 5594 5682 5798 5910 5964 6034 6041 6137 6162 6318 6330 6372 6415 6452 6465 6471 6530 6532 6624 6641 6695 6835 6836 6837 6847 6874 6963 6965 7098 7134 7503 7555 7756 7799 7968 8007 8050 8058 8145 8314 8382 8736 8743 8748 8754 8760 8766 8772 8778 8784 8857 9077 9084 9197 9200 9359 9421 
a : 2 6 11 15 22 30 40 60 66 75 124 131 198 206 208 210 224 230 255 258 275 276 289 301 305 335 356 357 361 362 377 381 382 397 398 435 438 452 469 484 490 492 511 528 536 546 561 602 603 641 674 691 711 720 722 730 806 823 828 832 846 863 882 887 891 892 896 901 928 930 933 948 977 980 985 1000 1021 1047 1053 1058 1059 1063 1068 1071 1081 1099 1101 1105 1108 1124 1150 1169 1175 1176 1182 1191 1195 1198 1201 1242 1276 1294 1296 1324 1330 1337 1407 1448 1452 1466 1493 1508 1510 1512 1513 1515 1526 1535 1540 1553 1560 1564 1567 1576 1598 1665 1681 1684 1692 1700 1703 1730 1734 1742 1748 1771 1798 1801 1830 1842 1871 1879 1882 1890 1915 1922 1962 2017 2055 2093 2108 2117 2146 2156 2178 2190 2215 2216 2241 2242 2308 2317 2400 2403 2410 2413 2425 2449 2456 2463 2516 2581 2605 2624 2625 2629 2639 2673 2677 2691 2735 2738 2745 2793 2796 2817 2829 2876 2885 2900 2910 2928 2934 2945 2949 2975 2992 3017 3037 3066 3073 3086 3087 3103 3109 3124 3130 3145 3151 3154 3182 3207 3214 3216 3231 3238 3315 3320 3328 3341 3349 3378 3400 3411 3429 3435 3453 3475 3489 3540 3543 3556 3580 3583 3586 3587 3589 3597 3617 3622 3647 3662 3667 3701 3758 3777 3794 3814 3821 3838 3848 3973 3983 4103 4108 4110 4117 4138 4142 4166 4178 4201 4217 4249 4253 4266 4271 4274 4297 4303 4319 4328 4352 4372 4378 4399 4406 4422 4427 4435 4439 4464 4485 4492 4504 4523 4563 4605 4622 4628 4638 4640 4681 4723 4736 4742 4765 4789 4798 4807 4809 4811 4813 4839 4854 4855 4870 4876 4918 4919 4929 4958 4963 4968 4988 5008 5014 5020 5046 5059 5065 5093 5101 5104 5114 5129 5132 5184 5241 5263 5271 5276 5352 5363 5371 5382 5399 5421 5424 5443 5450 5476 5479 5494 5503 5533 5537 5538 5541 5585 5609 5618 5635 5643 5649 5665 5694 5715 5730 5757 5772 5776 5786 5789 5799 5819 5843 5849 5853 5883 5902 5921 5933 5947 5950 5952 5961 6009 6025 6039 6045 6062 6069 6111 6121 6133 6159 6179 6193 6199 6202 6213 6233 6251 6258 6259 6265 6266 6271 6281 6300 6344 6359 6369 6379 6391 6397 6423 6432 6447 6457 6467 6472 6475 6507 6525 6562 6596 6599 6640 6651 6661 6666 6685 6687 6688 6690 6699 6700 6717 6721 6768 6792 6815 6818 6823 6852 6857 6858 6859 6868 6870 6873 6893 6895 6910 6920 6930 6945 6967 6979 6991 6994 6995 6998 7008 7022 7026 7036 7045 7056 7120 7125 7147 7148 7152 7160 7181 7195 7196 7201 7205 7226 7234 7235 7238 7245 7246 7265 7283 7295 7321 7363 7366 7421 7498 7506 7538 7574 7575 7584 7595 7598 7601 7618 7629 7634 7635 7672 7677 7681 7700 7703 7743 7753 7758 7775 7788 7793 7796 7835 7837 7867 7913 7922 7940 7951 7954 7962 7979 8014 8024 8028 8037 8040 8042 8051 8110 8138 8151 8157 8172 8195 8202 8220 8225 8228 8229 8232 8233 8239 8246 8265 8267 8269 8277 8285 8310 8320 8328 8334 8358 8371 8379 8408 8423 8426 8432 8433 8440 8444 8445 8448 8452 8457 8460 8471 8486 8490 8493 8494 8497 8504 8509 8513 8524 8541 8548 8553 8563 8564 8574 8608 8612 8640 8663 8706 8724 8810 8813 8825 8829 8847 8853 8876 8894 8930 8963 8979 8980 8984 8988 9009 9035 9045 9054 9072 9134 9135 9154 9162 9163 9202 9207 9214 9225 9228 9232 9239 9250 9252 9275 9281 9288 9302 9310 9318 9323 9324 9331 9334 9336 9345 9350 9360 9398 9410 9441 9457 9462 
b : 12 14 36 41 42 51 53 55 57 59 85 151 216 290 314 332 368 399 419 425 439 486 489 544 550 566 596 601 626 676 750 754 805 812 813 879 881 888 967 991 994 998 1035 1072 1098 1102 1133 1149 1224 1231 1334 1370 1426 1450 1517 1523 1529 1533 1534 1536 1546 1547 1555 1558 1572 1586 1587 1588 1590 1591 1592 1594 1595 1596 1609 1656 1660 1701 1744 1774 1777 1793 1820 1832 1849 1860 1861 1869 1913 1923 1935 1938 1957 2019 2099 2118 2144 2148 2203 2223 2274 2309 2321 2390 2401 2411 2419 2422 2457 2464 2467 2574 2678 2710 2734 2740 2744 2845 2864 2912 2921 2962 3011 3038 3091 3104 3108 3110 3118 3213 3242 3265 3269 3272 3275 3277 3279 3281 3283 3302 3311 3323 3340 3342 3383 3463 3478 3538 3550 3618 3621 3674 3805 3812 3850 3851 3852 3896 3913 3993 4026 4029 4036 4042 4076 4081 4098 4099 4213 4221 4224 4239 4264 4267 4308 4395 4396 4407 4452 4489 4530 4570 4582 4633 4634 4666 4704 4735 4768 4778 4783 4822 4869 4891 4907 4924 4932 4937 4957 4967 5010 5011 5061 5067 5092 5116 5143 5148 5159 5170 5172 5191 5194 5243 5279 5286 5289 5294 5326 5328 5344 5347 5357 5373 5383 5429 5440 5466 5484 5493 5504 5522 5525 5534 5536 5560 5592 5604 5610 5617 5638 5642 5658 5687 5722 5748 5767 5777 5823 5877 5879 5932 5994 6015 6114 6138 6148 6181 6186 6189 6206 6211 6216 6227 6254 6278 6279 6296 6328 6343 6370 6433 6445 6449 6453 6470 6474 6480 6522 6524 6527 6575 6601 6615 6627 6646 6647 6724 6753 6758 6791 6811 6879 6916 6980 6996 7003 7007 7020 7061 7064 7067 7070 7073 7076 7084 7108 7111 7130 7176 7179 7206 7212 7219 7233 7241 7270 7278 7292 7302 7306 7371 7375 7429 7453 7492 7493 7560 7567 7586 7661 7699 7760 7865 7869 7882 7910 7918 7929 7935 7959 7965 7983 8020 8032 8061 8106 8139 8141 8274 8278 8280 8286 8359 8361 8387 8461 8487 8489 8514 8530 8540 8551 8575 8591 8592 8598 8607 8648 8670 8824 8842 8861 8865 8868 8870 8872 8874 8902 8904 8906 8923 8925 8927 8943 8946 9001 9044 9177 9178 9186 9224 9226 9242 9267 9325 9332 9380 9427 9432 
c : 38 44 91 123 201 215 263 295 324 328 330 334 412 436 462 470 479 542 564 565 633 643 663 713 740 753 802 858 932 943 1024 1167 1183 1202 1229 1263 1280 1306 1320 1368 1378 1441 1444 1445 1518 1524 1541 1561 1613 1616 1620 1623 1626 1632 1655 1709 1715 1813 1824 1859 1864 1908 1926 1995 1997 2002 2004 2098 2127 2161 2199 2227 2263 2265 2266 2276 2302 2320 2330 2341 2356 2523 2566 2582 2587 2597 2606 2638 2655 2712 2764 2839 2841 2850 2857 2886 2924 2942 2961 2976 2979 2982 2987 3033 3089 3180 3183 3215 3244 3353 3372 3380 3443 3480 3481 3487 3498 3524 3577 3628 3636 3668 3754 3860 3863 3906 3923 3931 3994 4035 4045 4113 4143 4144 4233 4241 4307 4366 4376 4436 4481 4493 4499 4535 4545 4562 4580 4612 4729 4738 4761 4769 4775 4784 4799 4814 4985 5054 5131 5147 5162 5185 5233 5234 5343 5356 5408 5467 5511 5548 5566 5574 5611 5639 5640 5688 5716 5731 5741 5766 5785 5788 5796 5867 5876 5891 5906 5958 5986 6001 6085 6241 6284 6308 6319 6324 6450 6485 6516 6533 6557 6566 6582 6587 6630 6642 6658 6668 6680 6703 6722 6756 6761 6771 6798 6814 6821 6827 6885 6904 6909 6912 6921 6926 6936 6942 6947 6987 6989 7031 7054 7078 7091 7202 7208 7320 7325 7394 7422 7479 7501 7606 7617 7623 7708 7739 7823 7824 7844 7914 7915 7958 7964 8152 8158 8177 8244 8256 8298 8324 8369 8385 8436 8450 8474 8661 8680 8689 8714 8729 8839 8845 8854 9061 9103 9125 9144 9233 9248 9272 9273 9347 
d : 43 181 189 193 200 207 214 217 250 280 284 313 378 447 498 516 518 558 589 594 608 620 631 657 703 752 763 784 787 797 803 880 923 924 988 1001 1013 1036 1041 1216 1235 1274 1335 1341 1343 1349 1359 1385 1439 1454 1480 1532 1648 1683 1688 1731 1750 1752 1778 1818 1887 1932 1949 1964 1993 2029 2050 2071 2112 2165 2174 2195 2323 2331 2383 2386 2397 2420 2485 2489 2499 2520 2529 2541 2546 2550 2613 2619 2686 2688 2694 2699 2704 2713 2726 2739 2803 2862 2986 3006 3015 3049 3129 3135 3157 3223 3245 3313 3325 3403 3416 3444 3472 3500 3506 3532 3541 3546 3641 3660 3685 3720 3732 3775 3822 3880 3893 3965 3969 4011 4038 4044 4048 4072 4203 4206 4235 4343 4379 4409 4413 4441 4444 4475 4491 4513 4520 4552 4583 4641 4701 4730 4815 4926 4950 5047 5051 5068 5086 5109 5152 5154 5156 5179 5283 5330 5447 5496 5499 5505 5520 5712 5727 5751 5779 5814 5838 5863 5881 5967 5971 5996 6010 6030 6036 6103 6144 6154 6161 6165 6170 6354 6367 6434 6441 6479 6483 6496 6529 6631 6634 6644 6649 6659 6732 6739 6750 6760 6780 6784 6787 6805 6825 6862 6922 7048 7092 7172 7194 7200 7223 7225 7250 7333 7336 7340 7342 7353 7355 7368 7399 7403 7462 7471 7481 7495 7504 7511 7515 7544 7550 7565 7639 7641 7704 7740 7779 7783 7795 7825 7846 7876 8008 8021 8026 8030 8101 8117 8154 8222 8412 8476 8478 8552 8569 8576 8618 8684 8687 8730 8805 8822 8836 8887 8900 9005 9051 9063 9075 9118 9155 9170 9213 9279 9402 9414 9460 9461 
e : 110 483 487 505 553 686 701 995 1033 1040 1203 1917 2059 2760 2981 3084 3195 3202 3374 3458 3470 3490 3502 3504 3509 3598 3717 3722 4039 4056 4112 4594 4655 4720 4826 4848 5323 5437 5441 5502 5582 5636 5657 5724 5839 5956 5993 6166 6171 6239 6402 6537 6681 6692 6882 6905 6925 6955 7221 7227 7389 7451 7600 7710 7864 8066 8098 8114 8150 8196 8217 8272 8332 8367 8455 8477 8584 8938 9121 9198 9306 9394 9449 9469 
f : 17 28 39 102 106 141 162 175 239 312 414 433 574 639 681 769 793 814 874 953 965 972 1086 1090 1104 1126 1134 1137 1234 1273 1286 1299 1351 1356 1431 1449 1479 1519 1569 1603 1650 1662 1664 1666 1760 1765 1790 1803 1831 1837 1891 1978 1982 1986 2018 2052 2062 2073 2097 2128 2133 2201 2226 2359 2379 2434 2512 2517 2626 2641 2645 2707 2723 2746 2754 2848 2858 2911 3093 3125 3132 3137 3198 3217 3267 3356 3436 3457 3471 3476 3479 3501 3511 3526 3566 3567 3645 3723 3886 3915 3924 3932 3944 4109 4353 4356 4522 4571 4592 4627 4675 4683 4695 4725 4750 4823 4844 4960 5006 5021 5041 5057 5117 5119 5126 5161 5231 5232 5277 5287 5321 5411 5457 5485 5487 5490 5521 5540 5591 5645 5664 5686 5693 5707 5743 5844 5896 5927 5979 6018 6020 6101 6109 6135 6152 6234 6235 6245 6272 6292 6410 6413 6523 6558 6567 6572 6656 6707 6830 6855 6871 6919 6992 7017 7021 7059 7079 7081 7107 7239 7255 7264 7266 7271 7549 7580 7632 7686 7702 7754 7798 7815 7868 7911 7912 7928 7949 7999 8015 8056 8087 8090 8159 8214 8292 8311 8312 8331 8337 8370 8404 8415 8416 8431 8435 8454 8467 8492 8609 8662 8672 8803 8811 8812 8826 8881 8931 8933 8957 8967 8976 8982 8985 8989 8996 9003 9025 9033 9059 9082 9097 9100 9107 9130 9133 9153 9189 9209 9240 9269 9286 9375 9404 9429 9440 9479 
g : 26 33 104 113 130 133 137 176 182 190 203 223 227 236 244 261 266 323 352 406 448 449 456 715 762 764 937 983 1029 1034 1050 1065 1106 1118 1139 1148 1173 1174 1196 1199 1221 1225 1260 1285 1290 1308 1395 1411 1428 1438 1458 1463 1486 1507 1539 1699 1827 1840 1844 1851 1941 1974 1975 1992 2054 2072 2124 2130 2206 2208 2280 2288 2295 2304 2326 2353 2388 2478 2501 2617 2646 2693 2804 2846 2896 2931 2983 3010 3019 3090 3261 3299 3308 3319 3425 3426 3431 3438 3495 3604 3658 3687 3734 3802 3809 3833 3835 3872 3989 4001 4082 4121 4125 4161 4192 4194 4199 4205 4211 4227 4265 4336 4446 4466 4825 4863 4874 4883 4933 4994 5009 5015 5026 5071 5077 5137 5164 5183 5264 5269 5364 5417 5695 5773 5790 5850 5854 5886 5929 5935 6028 6052 6128 6150 6264 6333 6342 6373 6417 6444 6490 6494 6654 6767 6807 6808 6865 6898 6932 6960 6969 6974 7047 7057 7230 7300 7323 7385 7426 7444 7509 7543 7558 7559 7620 7663 7664 7665 7683 7839 7875 7878 7881 7887 7908 7941 7970 7991 8004 8124 8127 8168 8169 8180 8326 8351 8363 8364 8533 8590 8606 8669 8809 8823 8858 8940 8986 8994 9096 9099 9110 9160 9175 9212 9238 9251 9301 9335 9340 9348 9387 9399 9416 9423 9473 
h : 46 88 134 165 194 209 212 259 262 264 344 355 400 430 458 494 501 508 525 527 597 605 606 645 653 662 666 695 748 792 810 873 895 905 918 947 954 959 1085 1115 1120 1141 1165 1181 1236 1332 1366 1373 1403 1424 1488 1496 1497 1530 1554 1580 1605 1676 1685 1724 1728 1764 1866 1896 1900 1912 1939 1951 1959 1970 1976 2027 2116 2131 2152 2166 2168 2175 2177 2192 2198 2213 2293 2318 2437 2443 2504 2527 2569 2614 2661 2709 2721 2772 2818 2837 2844 2884 2954 2966 2969 3028 3080 3099 3131 3140 3143 3147 3219 3225 3247 3260 3285 3332 3336 3351 3365 3392 3401 3448 3452 3454 3533 3536 3544 3545 3571 3626 3688 3699 3705 3707 3712 3721 3748 3753 3770 3789 3791 3796 3827 3836 3843 3856 3905 3922 3938 3940 3941 3942 3949 3978 3986 3987 3998 4040 4059 4085 4106 4130 4134 4155 4236 4318 4327 4354 4362 4364 4387 4391 4393 4408 4421 4425 4455 4461 4463 4465 4528 4536 4540 4554 4557 4589 4598 4615 4625 4673 4678 4693 4697 4727 4733 4754 4788 4794 4808 4830 4838 4840 4868 4885 4897 4898 4901 4920 4927 4956 4961 4965 4966 4969 4970 4990 4993 5039 5049 5089 5098 5107 5122 5125 5130 5135 5139 5149 5151 5163 5315 5338 5355 5368 5419 5428 5432 5439 5446 5469 5512 5544 5564 5565 5584 5593 5600 5602 5621 5625 5628 5631 5633 5644 5679 5713 5747 5752 5791 5847 5857 5894 5907 5911 5918 5951 5974 5975 5983 5990 6019 6022 6046 6095 6123 6168 6183 6184 6323 6352 6427 6499 6503 6508 6521 6574 6578 6590 6593 6643 6731 6742 6856 6869 6876 6901 6934 6944 6985 6990 7000 7001 7005 7037 7105 7115 7119 7138 7140 7162 7214 7259 7262 7267 7269 7290 7293 7297 7343 7347 7360 7376 7378 7397 7409 7415 7428 7436 7439 7486 7505 7524 7525 7530 7572 7608 7622 7667 7711 7776 7789 7811 7834 7849 7854 7859 7883 7921 8085 8096 8107 8112 8137 8153 8181 8197 8259 8261 8262 8330 8348 8366 8384 8391 8400 8417 8439 8472 8481 8484 8502 8546 8619 8624 8628 8633 8647 8649 8698 8712 8737 8814 9023 9080 9086 9151 9255 9262 9293 9312 9342 9365 9422 9453 9475 
i : 8 27 48 49 64 70 87 152 163 187 253 274 278 345 358 367 389 390 434 440 446 465 482 531 556 557 569 610 642 658 725 744 772 775 827 840 845 852 942 973 1016 1017 1057 1062 1067 1082 1088 1119 1140 1240 1364 1374 1399 1446 1477 1499 1520 1552 1557 1610 1637 1672 1680 1691 1706 1726 1811 1815 1816 1835 1878 1903 1918 1924 1971 1979 1983 1987 2015 2016 2049 2095 2121 2129 2136 2231 2240 2294 2305 2332 2339 2346 2376 2395 2399 2431 2432 2468 2507 2571 2621 2636 2653 2658 2714 2752 2753 2767 2776 2778 2852 2859 2937 3016 3078 3096 3167 3172 3181 3209 3220 3249 3286 3288 3296 3344 3460 3464 3488 3530 3539 3591 3595 3611 3638 3651 3676 3682 3710 3718 3735 3739 3745 3747 3751 3780 3793 3798 3826 3830 3894 3917 3920 4010 4017 4066 4122 4126 4140 4159 4162 4169 4186 4245 4246 4252 4254 4260 4351 4368 4374 4382 4394 4403 4411 4449 4495 4508 4521 4567 4568 4576 4577 4587 4619 4669 4680 4684 4685 4698 4770 4773 4792 4894 4895 4909 4940 4946 4997 5016 5058 5080 5105 5108 5121 5128 5138 5144 5145 5187 5188 5189 5222 5224 5280 5299 5305 5311 5324 5334 5376 5380 5385 5386 5389 5393 5402 5410 5423 5500 5529 5539 5572 5596 5603 5683 5699 5717 5734 5735 5737 5740 5763 5771 5775 5794 5801 5808 5817 5826 5908 5912 5959 5976 5977 5985 6047 6075 6094 6125 6129 6149 6172 6192 6207 6218 6247 6263 6269 6286 6299 6303 6317 6341 6360 6403 6473 6515 6580 6638 6655 6660 6671 6674 6682 6697 6710 6725 6735 6747 6757 6795 6800 6840 6849 6850 6949 6953 6962 6971 6976 7016 7080 7093 7124 7141 7157 7167 7251 7281 7288 7291 7304 7305 7308 7313 7388 7407 7435 7446 7457 7472 7507 7527 7532 7545 7554 7611 7616 7624 7628 7642 7691 7695 7714 7725 7767 7792 7800 7803 7819 7822 7836 7838 7843 7850 7870 7877 7923 7943 7971 7997 8013 8031 8033 8053 8060 8062 8092 8123 8133 8143 8166 8193 8201 8242 8250 8276 8296 8306 8322 8339 8354 8386 8392 8396 8411 8434 8442 8447 8480 8527 8570 8572 8626 8657 8674 8681 8682 8705 8719 8742 8747 8752 8758 8764 8770 8776 8782 8788 8791 8796 8800 8816 8896 8909 8912 8941 8953 8962 8987 9010 9013 9014 9030 9034 9036 9041 9047 9052 9057 9064 9065 9067 9068 9076 9090 9124 9141 9166 9206 9266 9274 9295 9356 9381 9386 9397 9407 9436 9444 9471 
j : 265 346 545 555 571 582 616 638 831 964 1039 1055 1087 1103 1222 1319 2094 2138 2188 2349 2442 2473 2565 2679 2759 3338 3447 3525 3558 3600 3769 3839 4107 4139 4175 4247 4829 4871 5025 5182 5267 5306 5370 5542 5781 5832 5871 5997 6004 6044 6084 6178 6339 6358 6720 7282 7317 7467 7619 7717 7945 8097 8103 8113 8119 8287 8557 8566 9285 9339 9371 9438 
k : 3 246 394 451 551 590 599 704 707 742 785 795 799 917 1075 1472 1516 1668 1697 1704 1819 1901 2151 2154 2162 2196 2259 2369 2381 2428 2542 2547 2620 2623 2682 2700 2720 2791 2821 2993 3059 3077 3205 3292 3345 3579 3643 3742 3776 3854 3947 3960 4073 4214 4231 4311 4349 4501 4606 4724 4786 5180 5248 5332 5354 5524 5559 5973 6042 6163 6262 6276 6400 6546 6740 7089 7099 7350 7400 7556 7602 7626 7653 7732 7763 7801 7863 8083 8806 8888 9022 9028 9184 
l : 4 29 67 138 179 272 369 372 404 417 510 522 562 579 587 659 692 745 771 774 829 848 854 936 1022 1043 1155 1247 1361 1377 1436 1492 1559 1573 1583 1634 1635 1743 1772 1809 1822 1829 1834 1843 1847 1868 1881 1968 2092 2167 2169 2176 2179 2191 2207 2275 2286 2310 2348 2450 2480 2487 2521 2580 2604 2616 2736 2769 2795 2815 2870 2958 2973 2995 3085 3105 3111 3161 3305 3321 3324 3330 3334 3350 3385 3417 3420 3527 3588 3596 3601 3646 3655 3666 3783 3840 3888 3899 3914 3968 4172 4183 4219 4223 4250 4344 4346 4431 4432 4500 4516 4525 4559 4569 4804 4805 4841 4843 5060 5064 5165 5298 5346 5396 5416 5448 5547 5556 5563 5569 5666 5758 5760 5827 5841 5872 5900 5903 5904 5934 5946 5998 6013 6050 6063 6067 6077 6097 6105 6167 6180 6194 6209 6219 6268 6306 6329 6368 6382 6386 6398 6420 6428 6505 6536 6560 6607 6667 6675 6890 6915 6986 6993 7035 7177 7182 7222 7276 7296 7424 7437 7490 7541 7679 7707 7729 7769 8094 8108 8147 8148 8188 8270 8394 8402 8418 8425 8428 8534 8549 8554 8559 8668 8707 8835 8919 9128 9132 9143 9156 9244 9260 9287 9316 9319 9355 9361 9382 9384 9459 
m : 105 145 186 225 302 461 502 534 560 612 627 628 647 655 679 688 699 766 819 836 838 878 890 893 899 908 911 952 958 968 997 1005 1011 1044 1056 1078 1083 1091 1097 1157 1187 1190 1292 1323 1348 1381 1435 1630 1636 1746 1759 1761 1763 1796 1802 1883 1885 1944 1946 1950 2010 2014 2056 2060 2063 2089 2139 2163 2182 2285 2406 2408 2429 2471 2544 2562 2607 2633 2672 2705 2732 2771 2831 2869 2881 2909 2933 2955 2957 3046 3160 3165 3229 3258 3266 3304 3348 3412 3434 3548 3552 3603 3653 3738 3744 3750 3916 3926 3975 4047 4075 4128 4147 4153 4167 4179 4190 4191 4202 4209 4215 4256 4298 4316 4321 4323 4325 4330 4332 4334 4361 4373 4400 4447 4469 4502 4620 4632 4862 4975 4991 4999 5000 5027 5031 5038 5055 5150 5160 5176 5268 5282 5312 5325 5339 5378 5388 5555 5597 5647 5926 5930 5954 6051 6060 6078 6081 6112 6191 6217 6253 6255 6282 6336 6424 6469 6518 6554 6559 6564 6573 6621 6635 6637 6652 6748 6764 6863 6889 6911 6918 6939 6957 7025 7027 7042 7102 7139 7174 7185 7236 7243 7256 7324 7346 7377 7456 7460 7465 7520 7536 7563 7571 7614 7631 7650 7670 7671 7694 7724 7744 7787 7790 7797 7818 7828 7841 7933 7994 8006 8081 8165 8186 8226 8235 8335 8356 8360 8458 8505 8515 8516 8539 8542 8560 8573 8602 8646 8650 8690 8797 8877 8892 8992 8997 8999 9079 9139 9150 9168 9190 9231 9276 9291 9303 9307 9309 9358 9383 9411 9428 9456 9458 
n : 9 243 285 427 493 665 736 788 914 970 981 1113 1130 1136 1171 1269 1298 1353 1358 1375 1401 1422 1574 1577 1708 1762 1781 2011 2025 2030 2065 2210 2251 2254 2312 2352 2416 2481 2557 2756 2812 2853 2902 2917 2919 2920 3039 3063 3064 3065 3072 3101 3114 3121 3127 3134 3173 3192 3232 3252 3333 3337 3397 3419 3561 3620 3678 3704 3757 3837 3842 3846 3866 3902 3946 3952 3958 3964 4021 4051 4074 4208 4281 4302 4365 4385 4476 4505 4572 4603 4629 4687 4703 4734 4752 4800 4834 4873 4943 4948 4981 5012 5167 5208 5223 5291 5317 5366 5434 5454 5595 5616 5646 5652 5678 5681 5769 5820 5925 6174 6188 6228 6230 6232 6769 6802 6903 7006 7011 7015 7132 7163 7263 7275 7279 7286 7330 7338 7356 7367 7461 7466 7476 7485 7496 7528 7534 7568 7569 7579 7585 7613 7723 7734 7772 7901 7909 8044 8161 8164 8194 8355 8375 8403 8453 8473 8517 8601 8653 8655 8702 8723 8851 8899 8951 9040 9117 9229 9234 9257 9282 9294 9329 9367 9393 9455 9464 9477 
o : 5 31 37 74 117 139 254 267 268 279 291 325 329 341 347 379 384 421 485 509 524 538 548 577 585 607 609 652 656 683 700 719 726 746 839 857 868 898 904 919 938 1002 1023 1028 1030 1095 1154 1179 1218 1245 1249 1264 1268 1297 1307 1314 1321 1325 1328 1338 1344 1412 1434 1455 1542 1544 1549 1556 1575 1611 1628 1629 1638 1646 1653 1658 1702 1707 1727 1732 1736 1738 1745 1773 1788 1794 1807 1848 1852 1873 1874 1969 2009 2023 2066 2076 2086 2087 2110 2120 2200 2212 2220 2232 2233 2239 2267 2334 2402 2555 2600 2659 2683 2737 2751 2784 2800 2807 2819 2840 2868 2878 2956 2996 3000 3004 3035 3138 3146 3156 3168 3174 3199 3309 3322 3354 3456 3467 3474 3496 3592 3624 3625 3654 3679 3706 3724 3726 3764 3767 3784 3788 3799 3806 3813 3815 3844 3847 3901 3954 3984 3999 4031 4034 4060 4094 4105 4131 4149 4150 4151 4154 4156 4185 4251 4270 4279 4288 4309 4314 4337 4388 4398 4424 4440 4470 4472 4487 4494 4524 4538 4556 4560 4581 4608 4609 4616 4626 4677 4688 4699 4707 4710 4758 4760 4764 4781 4820 4858 4877 4884 4941 4978 5001 5005 5127 5196 5212 5244 5259 5265 5275 5290 5308 5337 5358 5372 5395 5425 5431 5435 5463 5477 5486 5527 5543 5576 5620 5637 5689 5697 5783 5821 5833 5834 6002 6032 6064 6068 6100 6108 6205 6214 6222 6223 6237 6277 6285 6301 6302 6325 6326 6340 6345 6349 6364 6435 6528 6543 6563 6579 6588 6604 6605 6648 6670 6723 6762 6797 6803 6843 6883 6899 6923 7010 7033 7034 7082 7128 7131 7142 7188 7204 7217 7231 7247 7260 7289 7380 7386 7393 7405 7414 7427 7438 7455 7510 7531 7588 7605 7649 7669 7688 7728 7736 7802 7903 8080 8140 8190 8215 8275 8291 8329 8336 8462 8483 8510 8522 8550 8555 8603 8639 8659 8666 8675 8677 8679 8694 8708 8740 8741 8745 8746 8750 8751 8756 8757 8762 8763 8768 8769 8774 8775 8780 8781 8786 8787 8795 8815 8840 8856 8913 8920 8942 8955 8969 8970 8973 8998 9000 9019 9029 9056 9071 9136 9142 9147 9148 9167 9179 9181 9194 9220 9290 9344 9417 9418 9420 
p : 93 103 116 121 127 277 292 315 340 383 409 530 573 680 789 820 889 897 950 963 1186 1207 1232 1371 1398 1548 1584 1619 1641 1713 1720 1723 1735 1755 1756 1758 1769 1875 1906 1910 2000 2007 2123 2228 2264 2506 2553 2706 2730 2805 2816 2877 2925 2940 3034 3057 3149 3290 3295 3455 3649 3652 3715 3936 4050 4255 4257 4258 4262 4272 4275 4296 4442 4566 4610 4617 4679 4682 4845 4857 4880 4952 5007 5028 5035 5036 5066 5100 5142 5204 5236 5255 5261 5293 5375 5392 5401 5483 5579 5619 5650 5654 5756 5812 5825 5923 5992 6065 6126 6249 6460 6492 6571 6585 6597 6622 6744 6902 6951 7051 7058 7127 7164 7284 7294 7318 7344 7361 7365 7454 7502 7596 7615 7630 7637 7690 7761 7770 7807 7842 7861 7866 7872 7946 7961 7967 7986 7989 8012 8054 8064 8079 8099 8115 8131 8240 8252 8258 8294 8317 8372 8380 8427 8430 8464 8664 8696 8717 8727 8733 8802 8891 8944 8995 9032 9037 9055 9129 9152 9208 9289 9326 9352 9463 
q : 288 673 1400 2757 4359 4370 4380 4696 4819 4995 5920 6443 8466 
r : 71 122 153 474 576 584 649 1069 1089 1170 1227 1237 1277 1301 1393 1433 1460 1481 1509 1521 1543 1545 1568 1571 1582 1602 1677 1689 1800 1876 1980 1984 1988 2012 2113 2222 2292 2303 2387 2446 2575 2586 2630 2649 2773 2783 2798 2806 2830 2867 2892 3404 3486 3493 3508 3519 3657 3956 4009 4013 4096 4104 4313 4428 4433 4533 4548 4551 4573 4588 4674 4902 4913 4936 5102 5199 5206 5229 5240 5253 5284 5404 5570 5680 5709 5720 5754 5768 5840 5949 5960 5981 6017 6026 6088 6134 6156 6236 6240 6320 6362 6405 6459 6594 6694 6709 6746 6829 6842 6860 6878 6914 7135 7145 7169 7309 7473 7500 7592 7657 7805 7831 7852 7856 7858 7931 7948 8070 8203 8253 8271 8580 8617 8834 8960 9049 9123 9369 9466 9478 
s : 13 19 24 63 76 97 100 119 161 191 195 247 248 256 373 437 442 443 444 480 491 523 547 554 568 581 604 622 635 682 723 737 751 768 826 833 834 849 907 949 951 1010 1038 1048 1052 1061 1109 1112 1114 1125 1127 1143 1145 1151 1161 1163 1168 1180 1206 1210 1230 1233 1241 1256 1271 1316 1365 1369 1372 1376 1379 1380 1389 1397 1474 1478 1531 1606 1631 1643 1644 1663 1696 1712 1718 1722 1725 1791 1826 1846 1909 1929 1943 1953 2021 2057 2058 2077 2081 2102 2105 2115 2186 2189 2211 2235 2236 2238 2243 2244 2281 2282 2284 2289 2290 2300 2313 2343 2345 2355 2362 2373 2374 2393 2404 2417 2476 2536 2590 2593 2612 2652 2662 2667 2684 2763 2765 2898 2908 2929 2953 2968 3003 3021 3026 3047 3051 3075 3097 3120 3123 3155 3159 3163 3187 3188 3189 3263 3300 3376 3391 3449 3477 3515 3517 3555 3563 3663 3755 3781 3785 3790 3800 3829 3857 3868 3874 3875 3878 3904 3909 3911 3961 3985 3995 4043 4053 4086 4092 4114 4176 4180 4181 4242 4248 4269 4282 4285 4299 4397 4401 4414 4417 4484 4537 4542 4543 4546 4613 4630 4671 4676 4700 4753 4759 4762 4771 4810 4812 4837 4846 4847 4890 4899 4916 4922 4949 4976 5003 5034 5073 5083 5095 5106 5133 5169 5225 5260 5272 5278 5320 5335 5336 5359 5400 5427 5471 5472 5474 5530 5630 5641 5651 5659 5667 5670 5672 5696 5706 5749 5761 5780 5782 5805 5813 5835 5889 5914 5940 5962 5963 5968 6033 6073 6086 6092 6093 6099 6107 6117 6250 6252 6257 6275 6315 6321 6335 6383 6431 6531 6539 6540 6552 6569 6609 6663 6669 6677 6678 6705 6751 6752 6778 6781 6785 6788 6790 6793 6809 6816 6826 6872 6896 6907 6959 6968 6973 6981 7024 7029 7038 7053 7118 7156 7197 7203 7240 7242 7257 7285 7299 7332 7339 7351 7359 7406 7433 7519 7609 7621 7636 7645 7648 7660 7713 7719 7721 7741 7778 7782 7816 7974 7976 8001 8017 8038 8045 8072 8076 8086 8204 8208 8218 8304 8321 8393 8401 8409 8410 8441 8488 8499 8508 8518 8556 8565 8627 8739 8744 8749 8755 8761 8767 8773 8779 8785 8846 8882 8890 8918 8990 9094 9105 9161 9164 9172 9216 9261 9280 9298 9370 9425 9439 9442 9446 9448 9452 
t : 1 7 16 23 25 32 47 86 99 107 112 132 148 159 164 174 184 192 205 211 237 238 269 273 294 299 342 359 360 363 375 385 395 405 407 408 426 428 429 432 441 481 495 500 512 517 521 526 539 552 570 575 583 591 593 598 600 619 623 630 636 644 646 654 664 667 669 678 687 689 693 710 714 729 738 739 747 780 791 804 811 815 821 837 847 856 859 864 865 876 900 903 915 925 927 929 934 939 940 955 990 1020 1037 1045 1051 1073 1077 1080 1084 1094 1117 1131 1132 1144 1156 1159 1162 1177 1188 1200 1212 1215 1220 1250 1254 1255 1284 1300 1303 1309 1317 1352 1357 1363 1387 1396 1404 1419 1425 1429 1432 1451 1457 1459 1461 1467 1470 1471 1487 1500 1511 1578 1579 1604 1640 1649 1694 1695 1733 1737 1740 1753 1782 1784 1789 1792 1795 1808 1812 1823 1853 1888 1889 1895 1899 1904 1916 1925 1942 1966 1967 1998 2005 2031 2034 2036 2037 2039 2041 2043 2045 2061 2074 2082 2083 2084 2088 2096 2104 2107 2114 2135 2157 2158 2160 2171 2181 2184 2217 2219 2268 2273 2306 2314 2315 2316 2324 2327 2351 2365 2371 2389 2394 2405 2418 2421 2423 2426 2427 2438 2439 2454 2461 2462 2466 2469 2470 2475 2488 2490 2494 2495 2528 2552 2558 2560 2561 2570 2602 2603 2634 2635 2637 2640 2647 2651 2654 2665 2676 2681 2703 2708 2715 2717 2733 2743 2762 2774 2785 2792 2797 2799 2808 2809 2825 2826 2838 2843 2849 2854 2866 2875 2879 2894 2906 2914 2930 2936 2941 2952 2972 2978 2984 2990 2991 3001 3005 3025 3074 3079 3081 3083 3092 3139 3141 3142 3144 3170 3177 3191 3194 3201 3228 3233 3239 3240 3246 3248 3257 3262 3264 3289 3301 3307 3312 3326 3327 3347 3357 3358 3363 3364 3368 3369 3384 3387 3395 3398 3405 3421 3422 3440 3465 3469 3483 3485 3521 3534 3554 3557 3560 3562 3572 3575 3582 3590 3594 3631 3659 3661 3669 3677 3683 3686 3700 3711 3749 3761 3778 3787 3803 3804 3807 3810 3811 3816 3841 3861 3864 3869 3873 3883 3889 3892 3898 3907 3921 3939 3945 3950 3953 3955 3957 3974 3990 4002 4018 4041 4052 4061 4091 4095 4111 4119 4120 4124 4129 4135 4163 4170 4187 4195 4196 4197 4212 4218 4220 4244 4261 4268 4280 4287 4301 4304 4305 4310 4312 4317 4322 4326 4331 4345 4383 4389 4405 4412 4419 4423 4430 4437 4450 4453 4454 4460 4468 4507 4512 4519 4529 4549 4553 4555 4561 4578 4585 4591 4602 4614 4624 4639 4665 4670 4672 4694 4702 4708 4714 4715 4721 4726 4731 4737 4739 4757 4774 4779 4780 4782 4787 4793 4796 4821 4824 4827 4852 4856 4875 4878 4888 4889 4900 4917 4928 4953 4955 4959 4980 4982 4984 4998 5002 5018 5024 5032 5040 5042 5045 5048 5053 5076 5078 5088 5090 5094 5112 5118 5120 5155 5158 5168 5171 5175 5190 5192 5197 5219 5230 5242 5245 5254 5266 5285 5288 5300 5301 5307 5316 5319 5322 5333 5365 5367 5377 5381 5398 5403 5406 5407 5409 5415 5420 5422 5430 5436 5449 5451 5452 5482 5491 5492 5497 5528 5532 5557 5567 5578 5581 5589 5648 5710 5718 5719 5721 5729 5738 5742 5746 5753 5784 5795 5800 5816 5822 5824 5828 5830 5831 5848 5851 5855 5864 5874 5875 5878 5884 5885 5887 5898 5922 5928 5942 5955 5965 5978 5980 5984 5999 6000 6008 6023 6029 6031 6037 6040 6055 6061 6080 6087 6089 6091 6098 6106 6116 6153 6175 6176 6185 6187 6195 6197 6201 6204 6212 6215 6224 6238 6260 6273 6293 6294 6307 6313 6314 6327 6338 6350 6353 6355 6356 6357 6361 6363 6366 6374 6375 6381 6385 6395 6399 6406 6407 6421 6436 6446 6448 6456 6466 6491 6493 6517 6534 6535 6542 6544 6545 6548 6568 6570 6581 6589 6592 6595 6598 6600 6606 6608 6620 6628 6657 6662 6665 6676 6689 6691 6696 6701 6711 6715 6726 6730 6733 6736 6743 6745 6755 6759 6770 6772 6812 6813 6831 6832 6841 6845 6853 6854 6866 6877 6880 6884 6887 6894 6897 6906 6908 6924 6933 6935 6946 6954 6958 6977 6983 7002 7013 7023 7039 7040 7052 7060 7063 7066 7069 7072 7075 7083 7101 7104 7109 7110 7116 7121 7122 7129 7136 7143 7149 7178 7183 7213 7215 7218 7228 7229 7232 7237 7249 7252 7268 7277 7298 7310 7319 7322 7328 7331 7370 7381 7392 7402 7417 7432 7443 7445 7447 7452 7470 7484 7488 7489 7518 7529 7552 7553 7566 7570 7576 7577 7583 7591 7593 7597 7599 7604 7612 7627 7655 7668 7673 7685 7696 7697 7701 7706 7712 7726 7727 7730 7757 7766 7768 7777 7794 7806 7810 7814 7827 7840 7848 7853 7855 7857 7860 7871 7880 7900 7919 7947 7955 7960 7966 7985 7993 7998 8000 8005 8009 8019 8035 8041 8043 8065 8067 8100 8102 8116 8118 8121 8122 8128 8132 8156 8171 8173 8174 8175 8183 8189 8191 8192 8198 8254 8255 8268 8279 8284 8293 8299 8316 8323 8338 8342 8347 8349 8353 8357 8424 8443 8446 8449 8463 8491 8498 8503 8506 8511 8521 8523 8543 8547 8561 8578 8583 8589 8593 8595 8597 8636 8641 8643 8658 8671 8692 8695 8699 8709 8713 8716 8718 8725 8731 8735 8738 8798 8801 8817 8837 8838 8841 8859 8860 8879 8898 8910 8914 8915 8921 8932 8937 8956 8966 8981 8993 9018 9024 9031 9042 9060 9078 9081 9095 9106 9127 9131 9140 9146 9157 9165 9176 9199 9215 9230 9235 9236 9245 9264 9270 9320 9341 9343 9349 9357 9373 9374 9392 9403 9415 9419 9424 9426 9468 9480 9482 9483 
u : 65 95 149 293 349 533 618 668 966 971 1193 1329 1354 1489 1550 1714 1721 1766 1770 1911 1972 2229 2508 2642 2650 2865 3164 3221 3235 3237 3381 3565 3568 3881 3895 4146 4173 4198 4448 4503 4983 5056 5295 5345 5412 5909 5913 5939 6143 6440 6708 6718 6734 6881 7018 7126 7482 7992 8046 8170 8281 8319 8582 9007 9472 
v : 115 286 422 1678 1785 2170 2180 2193 2396 2511 4849 5218 5495 5546 6079 6512 6514 6519 6591 6864 6886 7190 7542 7582 8419 8711 8721 9476 
w : 10 21 45 197 252 270 282 283 300 316 339 351 366 401 403 410 413 416 420 445 457 468 478 507 537 559 617 651 671 690 694 697 708 743 778 779 781 794 796 798 800 825 844 851 875 902 906 921 941 1003 1014 1093 1096 1107 1116 1194 1211 1223 1283 1382 1384 1394 1416 1430 1473 1527 1751 1780 1806 1872 1894 1952 1999 2006 2033 2079 2080 2100 2109 2125 2137 2147 2197 2225 2252 2260 2298 2424 2433 2445 2448 2451 2455 2474 2497 2519 2522 2524 2525 2526 2530 2539 2551 2579 2585 2657 2670 2674 2685 2690 2697 2702 2716 2718 2731 2742 2758 2761 2789 2880 2916 2926 2935 2948 2951 2964 2965 2971 3022 3024 3055 3058 3067 3082 3095 3107 3148 3150 3176 3186 3193 3197 3200 3206 3243 3293 3306 3317 3361 3409 3441 3553 3573 3581 3584 3585 3612 3613 3630 3639 3743 3759 3773 3795 3845 3884 3885 3890 3891 3908 3912 3927 3948 3971 3972 4024 4062 4089 4118 4123 4188 4200 4207 4290 4320 4329 4355 4357 4360 4375 4404 4479 4509 4511 4514 4518 4527 4541 4574 4579 4586 4597 4618 4643 4647 4692 4709 4713 4740 4751 4756 4776 4777 4795 4802 4817 4835 4859 4861 4882 4935 4938 4987 5044 5050 5075 5079 5087 5091 5099 5111 5113 5115 5123 5124 5136 5153 5195 5246 5252 5270 5273 5281 5297 5302 5309 5310 5314 5318 5331 5341 5353 5391 5394 5405 5414 5438 5442 5445 5458 5535 5607 5608 5632 5692 5714 5725 5739 5787 5818 5837 5866 5870 5882 5888 5895 5899 5915 5937 5945 5953 5957 5969 5988 5995 6005 6007 6024 6048 6071 6074 6120 6131 6132 6146 6274 6288 6305 6322 6334 6337 6347 6365 6393 6396 6408 6438 6498 6500 6526 6549 6553 6565 6577 6603 6629 6673 6684 6698 6713 6714 6727 6729 6737 6773 6819 6861 6891 6892 6913 6966 6999 7004 7014 7028 7030 7041 7046 7086 7087 7100 7106 7113 7114 7117 7151 7154 7180 7192 7199 7207 7210 7211 7216 7220 7248 7253 7273 7274 7316 7329 7354 7374 7379 7401 7413 7416 7420 7425 7434 7441 7448 7450 7459 7464 7469 7474 7483 7491 7508 7517 7539 7548 7573 7589 7640 7698 7718 7765 7809 7813 7820 7830 7847 7874 7879 7884 7885 7886 7917 7939 7944 8011 8018 8023 8029 8034 8093 8095 8109 8125 8129 8142 8149 8160 8162 8182 8264 8365 8407 8429 8451 8468 8496 8501 8512 8536 8537 8538 8571 8579 8586 8588 8594 8599 8632 8637 8638 8642 8654 8685 8691 8693 8715 8911 9020 9069 9074 9091 9109 9116 9126 9149 9159 9174 9241 9243 9256 9263 9311 9322 9330 9366 9391 9413 9451 
y : 61 84 94 118 140 160 249 333 354 396 402 411 415 450 499 529 567 572 578 586 613 615 634 672 706 822 843 850 922 969 989 993 1009 1015 1027 1032 1046 1054 1060 1066 1111 1123 1160 1251 1259 1279 1289 1302 1313 1386 1405 1408 1475 1494 1503 1514 1528 1570 1599 1642 1647 1775 1880 1914 1948 1954 1963 1996 2003 2172 2185 2205 2221 2234 2358 2409 2435 2440 2486 2498 2535 2554 2584 2622 2628 2666 2692 2722 2768 2820 2834 2872 2899 2907 2963 2994 3009 3023 3029 3032 3036 3060 3250 3253 3255 3294 3316 3346 3359 3362 3370 3396 3399 3406 3410 3415 3430 3442 3459 3499 3507 3520 3570 3574 3606 3614 3627 3642 3725 3729 3733 3859 3867 3871 3877 3977 3997 4006 4033 4049 4055 4058 4160 4168 4184 4234 4238 4240 4289 4339 4348 4350 4369 4420 4445 4480 4486 4510 4515 4534 4539 4564 4611 4719 4766 4772 4806 4828 4853 4914 4931 4942 4947 4989 5017 5074 5228 5239 5258 5426 5433 5456 5468 5475 5501 5506 5513 5519 5531 5562 5568 5573 5577 5590 5615 5622 5627 5634 5656 5690 5702 5704 5708 5711 5733 5744 5750 5755 5759 5865 5919 5948 5970 6016 6035 6049 6076 6104 6155 6160 6200 6208 6221 6229 6246 6290 6332 6378 6392 6404 6419 6426 6442 6458 6476 6482 6484 6602 6639 6766 6820 6824 6828 6844 6941 6950 6972 7090 7153 7173 7186 7189 7193 7349 7373 7383 7410 7512 7516 7551 7646 7647 7654 7678 7682 7774 7781 7812 7829 7937 7963 7980 8025 8052 8055 8063 8069 8071 8075 8089 8105 8207 8221 8243 8303 8482 8544 8562 8568 8613 8667 8688 8700 8703 8720 8734 8830 8849 9039 9093 9113 9119 9171 9218 9247 9259 9300 9305 9313 9377 9409 
z : 18 
