" : 627 1202 2345 2500 2661 3028 4322 4720 5094 7007 
' : 3632 4829 4932 
- : 76 78 80 87 133 140 144 153 164 167 170 175 216 219 226 230 232 238 294 301 304 306 362 368 452 457 461 464 469 473 494 501 512 517 725 731 753 756 774 780 864 869 907 910 954 958 972 976 1016 1023 1119 1126 1144 1150 1206 1211 1236 1241 1255 1259 1279 1285 1302 1309 1407 1411 1415 1418 1462 1466 1499 1502 1560 1563 1612 1615 1619 1622 1708 1714 1853 1855 1890 1895 1925 1928 1931 1934 2247 2253 2259 2267 2269 2275 2361 2364 2450 2456 2480 2489 2507 2511 2535 2561 2565 2570 2574 2586 2589 2592 2596 2606 2608 2722 2725 2745 2747 2799 2808 2811 2820 2825 2830 2885 2887 2941 2944 2986 2996 3005 3010 3038 3040 3051 3059 3066 3068 3110 3114 3176 3182 3201 3208 3224 3268 3271 3387 3391 3405 3411 3425 3430 3607 3613 3662 3670 3695 3700 3706 3711 3725 3728 3734 3738 3760 3763 3817 3821 4002 4005 4013 4017 4020 4025 4075 4077 4081 4085 4130 4134 4155 4162 4223 4226 4275 4281 4454 4456 4475 4480 4593 4597 4651 4657 4884 4890 4901 4903 4969 4971 5020 5027 5060 5067 5171 5175 5505 5507 5512 5514 5596 5603 5790 5795 5804 5807 5856 5858 6051 6054 6134 6137 6369 6374 6409 6412 6449 6452 6459 6462 6484 6486 6548 6553 6611 6614 6616 6621 6772 6774 7041 7047 7163 7168 7324 7332 7388 7393 7511 7519 7641 7649 7749 7753 7886 7888 7890 7892 7894 7896 7970 7975 7979 7985 7993 8000 8047 8055 8071 8075 8203 8208 8221 8228 8280 8286 8338 8341 8371 8379 8517 8523 8526 8529 8608 8612 8618 8620 8642 8649 8751 8757 8763 8769 8775 8781 8787 8790 8825 8829 8861 8864 8881 8883 8905 8914 8926 8932 8962 8969 8972 8975 9009 9014 9081 9085 9109 9112 9387 9393 9398 9403 9428 
. : 324 2073 2532 3222 6427 7285 8034 
0 : 982 
1 : 152 3646 
2 : 609 5698 7182 8249 
3 : 1680 1685 4291 
4 : 
7 : 
8 : 1454 
A : 0 32 79 118 166 176 220 296 307 329 369 474 659 853 933 960 990 1217 1303 1331 1340 1390 1441 1523 1535 1564 1579 1613 1643 1802 1860 2130 2289 2412 2428 2463 2529 2575 2625 2658 2694 2764 2840 2869 2889 2903 2920 3052 3120 3160 3188 3373 3435 3480 3490 3516 3597 3603 3630 3744 3780 3795 3822 3863 3949 3989 4003 4010 4021 4180 4261 4304 4336 4465 4495 4648 4658 4662 4840 4879 4962 4994 5017 5079 5196 5203 5233 5388 5627 5834 6064 6138 6180 6201 6218 6242 6287 6375 6423 6493 6549 6684 6691 6752 6820 7101 7142 7270 7362 7370 7389 7417 7421 7473 7545 7601 7819 7849 7871 7897 8128 8255 8331 8404 8650 8663 8831 8945 9024 9056 9171 9203 9208 9275 9325 9366 
B : 66 67 77 123 154 155 169 218 285 305 316 547 561 658 703 833 959 1024 1120 1381 1388 1389 1583 1587 1591 1595 1665 1671 1677 1688 1989 2140 2244 2268 2276 2382 2513 2693 2902 3000 3050 3295 3350 3364 3412 3443 3448 3688 3690 3735 3769 3772 3994 4069 4076 4099 4131 4388 4414 4471 4504 4634 4635 4646 4655 4656 4665 4666 4687 4714 4715 4730 4741 4743 4745 4830 4937 4942 4990 5031 5035 5138 5201 5213 5214 5215 5236 5272 5302 5359 5486 5516 5548 5550 5551 5556 5569 5612 5660 5734 5762 5890 5942 5987 6012 6308 6309 6310 6386 6387 6461 6475 6777 6781 6784 6787 6849 6938 7131 7135 7148 7278 7301 7313 7559 7657 7748 7782 7830 7887 7923 8153 8174 8210 8235 8247 8306 8342 8343 8387 8395 8396 8411 8412 8419 8468 8477 8556 8609 8627 8628 8629 8806 8826 8860 8895 9013 9051 9071 9087 9113 9193 9219 9294 9335 9360 9376 9399 
C : 
D : 249 315 858 859 1006 1029 1074 1343 1344 1348 1353 1777 1926 2045 2148 2336 2501 2571 2937 2987 3380 3482 3547 3964 4235 4345 4427 4529 4716 5985 6344 6416 6479 7538 8211 8232 8264 8325 8695 9041 9064 9090 
E : 243 682 1709 3167 4150 4573 5164 5689 5696 5743 6149 8086 8948 9135 
F : 229 716 1489 1668 1953 2020 2833 3712 3927 3932 3979 4061 4621 4970 5349 5463 5549 6080 6223 6435 6832 6926 7060 7063 7066 7069 7072 7196 7579 7757 7893 7924 8298 8344 8435 8621 8957 
G : 385 696 943 1195 1854 1863 1918 1958 2666 2965 3371 3375 3621 3689 4652 4744 4816 5290 5672 6240 6314 6410 6802 6808 7309 8236 8518 8524 8915 8946 8947 
H : 71 75 109 165 168 217 227 308 319 334 346 348 374 378 384 416 451 475 504 630 726 754 757 867 868 892 1004 1005 1242 1338 1365 1440 1460 1474 1598 1882 1932 1935 1938 1954 2340 2352 2358 2482 2581 2590 2630 2642 2646 2881 2925 2957 2972 3006 3111 3285 3301 3400 3495 3535 3617 3638 3679 3682 3729 3815 3816 3823 3926 3931 3978 4006 4044 4098 4224 4441 4449 4460 4619 4709 4761 4801 4865 4902 4904 4972 5199 5218 5249 5327 5338 5372 5462 5476 5478 5559 5653 5859 6100 6175 6414 6466 6476 6612 6615 6836 6846 6873 6886 6959 6962 6968 7048 7092 7259 7305 7497 7631 7636 7948 8020 8057 8207 8316 8381 8498 8613 8619 8788 8797 8805 8830 9181 9191 9194 9244 9247 9297 9315 9331 9433 
I : 18 88 90 107 127 156 171 183 200 202 240 258 269 335 341 586 646 700 707 733 768 771 775 781 822 828 875 911 914 929 974 994 997 1068 1077 1127 1162 1164 1170 1183 1203 1237 1313 1386 1408 1421 1425 1445 1467 1480 1536 1650 1652 1655 1659 1696 1717 1739 1766 1815 1819 1823 1831 1839 1884 1896 1929 1945 1971 2011 2026 2049 2051 2068 2089 2099 2109 2120 2124 2132 2153 2181 2185 2207 2212 2277 2285 2297 2299 2305 2317 2320 2323 2327 2338 2342 2359 2366 2370 2376 2378 2380 2383 2390 2405 2410 2413 2434 2439 2442 2451 2458 2470 2475 2477 2498 2516 2531 2538 2541 2543 2547 2554 2557 2562 2566 2576 2587 2594 2599 2616 2662 2669 2673 2696 2699 2709 2717 2739 2780 2788 2792 2812 2822 2854 2858 2859 2861 2872 2893 2895 2945 2948 2958 3016 3043 3069 3074 3086 3183 3210 3296 3308 3316 3365 3377 3392 3416 3422 3431 3437 3444 3492 3501 3508 3512 3514 3540 3562 3614 3642 3663 3668 3671 3696 3701 3739 3761 3764 3766 3799 3806 3826 3830 3832 3851 3853 3860 3877 3880 3898 3916 3928 3965 3980 3986 3998 4030 4066 4114 4125 4139 4228 4230 4340 4408 4488 4515 4530 4545 4588 4654 4659 4726 4747 4795 4849 4858 4870 4885 4894 4910 4921 4977 5002 5068 5080 5083 5095 5101 5139 5144 5176 5179 5219 5245 5294 5311 5367 5377 5416 5442 5468 5471 5487 5496 5508 5599 5604 5622 5661 5669 5703 5721 5724 5726 5763 5802 5813 5827 5840 5860 5867 5871 5878 5888 5903 5915 5922 5936 5964 5970 6004 6010 6019 6025 6041 6055 6081 6088 6094 6117 6125 6139 6162 6167 6188 6246 6254 6259 6265 6268 6281 6293 6349 6388 6392 6428 6437 6487 6495 6500 6504 6518 6545 6554 6574 6617 6623 6624 6630 6631 6643 6677 6681 6702 6704 6736 6739 6797 6799 6804 6865 6915 6927 6929 6976 7010 7086 7094 7159 7325 7406 7429 7440 7447 7466 7476 7478 7485 7495 7555 7562 7576 7623 7642 7660 7664 7703 7707 7714 7718 7720 7729 7760 7784 7802 7806 7815 7824 7831 7843 7860 7918 7928 7936 7955 7967 7973 7980 7982 7988 8001 8076 8080 8118 8124 8144 8165 8177 8185 8198 8225 8281 8307 8360 8366 8374 8463 8565 8585 8633 8658 8681 8684 8699 8708 8720 8724 8726 8802 8842 8850 8876 8878 8884 8887 8976 8989 9019 9025 9102 9156 9199 9209 9225 9235 9252 9263 9276 9282 9290 9295 9313 9319 9326 9336 9344 9362 9370 9410 9443 9445 9452 
J : 422 730 755 758 806 882 984 1108 1496 2834 3770 3957 4028 4100 4649 4660 4848 4975 5200 8082 8295 8375 8403 8454 8602 8818 9048 9202 
K : 351 511 538 1308 1316 1325 1451 1992 1999 2235 2255 3758 4068 4689 4789 4862 4908 5459 5857 5941 6009 6116 6155 6241 6278 9185 9190 
L : 60 94 224 694 815 860 870 1176 1463 1482 1672 2536 3225 3254 3692 4086 4088 4647 4688 4704 4788 4928 5260 5360 5683 5809 5891 6036 6194 6329 6608 6648 6662 6714 6995 7030 7053 7157 7402 7656 8014 8614 8891 8952 9118 9383 9394 
M : 126 541 973 1182 1276 1334 1549 1727 1755 1843 1865 1903 1987 1988 2024 2033 2104 2200 2222 2228 2641 2727 2748 2778 2821 3150 3358 3678 3990 4078 4191 4202 4214 4227 4469 5050 5108 5224 5225 5235 5254 5255 5301 5358 5458 5585 5658 5671 5673 5682 5808 6057 6229 6295 6296 6307 6385 6610 6831 6925 6935 6936 7153 7166 7312 7360 7731 7769 8183 8214 8245 8467 8543 8575 8671 8674 9178 9220 9269 9306 
N : 181 239 318 502 648 715 1151 1286 1616 1715 1826 1943 2067 2076 2294 2333 2335 2348 2373 2593 2629 2786 3029 3060 3098 3209 3489 4062 4063 4143 4169 4293 4524 4598 4629 4799 4814 5041 5211 5506 5513 5515 5524 5621 5624 5730 5866 6108 6113 6208 7110 7475 7544 7932 7994 8142 8209 8287 8288 8311 8323 8848 8963 9002 9060 9083 9180 
O : 56 81 141 320 429 518 533 539 635 722 788 865 884 908 1140 1215 1246 1250 1265 1270 1289 1360 1412 1413 1416 1419 1481 1503 1631 1765 1774 1781 1785 1836 1837 1848 1875 1975 1979 1983 2006 2022 2326 2331 2375 2530 2546 2597 2753 2831 2871 2899 2901 2911 2936 3115 3124 3151 3206 3511 3545 3600 3605 3687 3933 4018 4052 4067 4276 4282 4331 4338 4356 4382 4390 4413 4650 4661 4703 4742 5021 5205 5209 5348 5453 5578 5651 5667 5791 5800 5801 5895 6120 6285 6289 6378 6382 6460 6485 6499 6502 6507 6508 6581 6582 6700 6761 6763 7095 7144 7185 7299 7355 7380 7410 7531 7533 7771 7778 7783 7904 7925 7940 8037 8102 8132 8176 8197 8234 8271 8348 8676 8792 8846 8853 8933 8934 9068 9100 9215 9251 9361 
P : 421 710 729 805 839 881 1226 1260 1637 1852 2216 2785 3011 3459 3631 3693 4274 5611 6143 7690 7889 7891 7903 7951 7954 8817 9000 
Q : 
R : 470 714 814 1293 1488 1684 2243 2746 3466 3691 5346 5843 5939 6068 6780 7156 7367 7654 7687 7735 7736 7743 7744 7745 7747 7750 7895 7902 8072 8943 8956 9006 
S : 106 178 255 309 458 462 530 612 955 1040 1187 1190 1251 1263 1310 1337 1493 1520 1623 1625 1657 1691 1737 1795 1891 1956 2065 2139 2141 2254 2270 2281 2355 2494 2687 2726 2773 2777 2853 2880 2942 2997 3067 3092 3096 3117 3156 3220 3252 3421 3567 3633 3648 3694 3856 4055 4175 4220 4292 4494 4582 4642 4643 4644 4863 4984 5208 5451 5457 5573 5584 5586 5659 5666 5674 5805 5914 6140 6453 6539 6815 6954 7093 7333 7339 7343 7416 7428 7560 7588 7608 7914 7930 8045 8046 8133 8182 8527 8654 8959 9044 9281 9312 9404 9479 
T : 33 142 186 194 197 279 325 386 453 486 578 623 638 739 784 816 851 924 1098 1212 1244 1324 1345 1358 1500 1561 1669 1703 1745 1752 1803 1808 1856 1919 2036 2038 2040 2042 2044 2046 2083 2101 2143 2157 2202 2246 2396 2445 2491 2508 2609 2654 2678 2768 2784 2845 2886 2913 2921 2975 2978 2983 2995 3100 3164 3169 3177 3194 3216 3234 3249 3266 3269 3272 3274 3276 3278 3280 3282 3406 3449 3460 3464 3520 3526 3527 3750 3777 3790 3885 3923 3941 3968 3977 4001 4023 4026 4091 4172 4271 4284 4289 4290 4298 4313 4365 4369 4375 4384 4400 4424 4432 4436 4457 4486 4496 4563 4591 4594 4602 4605 4684 4710 4765 4834 4906 4913 5011 5061 5198 5325 5340 5543 5581 5610 5675 5699 5701 5768 5772 5850 5899 5929 5934 6001 6122 6145 6224 6346 6509 6511 6536 6584 6609 6651 6747 6775 6792 6794 6898 6982 6986 7017 7075 7121 7207 7256 7310 7346 7394 7396 7456 7461 7492 7520 7524 7535 7585 7592 7605 7650 7682 7685 7691 7733 7762 7789 7900 7905 7934 7950 7986 8008 8025 8089 8161 8239 8261 8293 8303 8376 8393 8418 8457 8473 8483 8493 8533 8579 8583 8594 8623 8643 8816 8819 8862 8865 8867 8869 8871 8899 8901 8903 8920 8922 8924 8950 8966 8973 8981 9004 9010 9015 9106 9110 9120 9136 9186 9217 9221 9374 9377 9429 
U : 96 840 3471 4012 4599 5395 
V : 124 1861 2245 2248 3113 3386 3574 3669 4919 5347 5460 6056 6070 7083 7672 7673 7713 7746 7922 8246 8305 8350 8730 8927 
W : 112 145 148 295 302 317 336 363 372 389 390 391 495 513 590 619 622 668 673 675 719 732 918 944 980 985 1017 1156 1207 1256 1264 1273 1291 1320 1329 1400 1404 1483 1610 1620 1649 1667 1673 1747 1784 1812 1900 1959 1963 2030 2062 2066 2088 2138 2147 2162 2171 2295 2389 2481 2490 2607 2667 2800 2809 2891 2916 2930 2968 3039 3041 3042 3048 3131 3173 3228 3232 3312 3327 3341 3384 3388 3426 3503 3533 3557 3591 3608 3627 3673 3707 3714 3726 3829 3868 3874 3917 3935 3960 3974 4014 4035 4065 4095 4113 4135 4146 4156 4241 4257 4333 4361 4379 4416 4455 4472 4481 4548 4556 4633 4640 4739 4746 4753 4831 4923 4943 5082 5132 5172 5184 5382 5385 5597 5760 5776 5844 5854 5980 6052 6111 6128 6156 6171 6196 6302 6399 6407 6420 6559 6634 6670 6710 6717 6726 6773 6837 6844 6941 6946 6950 6973 6980 7042 7164 7169 7173 7189 7222 7242 7252 7335 7350 7356 7382 7385 7438 7512 7521 7674 7678 7740 7971 7976 8066 8109 8134 8204 8217 8222 8229 8243 8258 8300 8313 8339 8372 8386 8388 8397 8436 8530 8598 8603 8632 8702 8791 8841 8873 8882 8906 8937 8970 9096 9099 9143 9167 9183 9256 9302 9388 
Y : 48 50 52 54 99 134 211 231 233 465 471 593 683 747 759 763 765 799 807 883 942 977 1010 1047 1062 1072 1090 1133 1136 1145 1224 1268 1280 1435 1438 1504 1599 1605 1606 1797 1834 1868 1905 1917 2018 2151 2192 2251 2256 2260 2309 2334 2362 2365 2368 2457 2503 2512 2613 2685 2723 2775 2779 2826 2849 2888 3012 3018 3025 3046 3054 3104 3126 3134 3202 3239 3257 3289 3329 3333 3337 3353 3369 3510 3521 3529 3549 3576 3606 3635 3654 3717 3754 3784 3818 3847 3895 3901 3908 3961 4082 4163 4187 4208 4339 4476 4542 4783 4891 4909 4949 4952 4960 5028 5070 5155 5191 5212 5247 5248 5479 5521 5547 5552 5592 5680 5796 5908 5962 6032 6039 6135 6160 6316 6328 6370 6413 6450 6463 6469 6528 6530 6622 6639 6693 6833 6834 6835 6845 6872 6961 6963 7096 7132 7501 7553 7754 7797 7966 8005 8048 8056 8143 8312 8380 8734 8741 8746 8752 8758 8764 8770 8776 8782 8855 9075 9082 9195 9198 9357 
a : 2 6 11 15 20 28 38 58 64 73 122 129 196 204 206 208 222 228 253 256 273 274 287 299 303 333 354 355 359 360 375 379 380 395 396 433 436 450 467 482 488 490 509 526 534 544 559 600 601 639 672 689 709 718 720 728 804 821 826 830 844 861 880 885 889 890 894 899 926 928 931 946 975 978 983 998 1019 1045 1051 1056 1057 1061 1066 1069 1079 1097 1099 1103 1106 1122 1148 1167 1173 1174 1180 1189 1193 1196 1199 1240 1274 1292 1294 1322 1328 1335 1405 1446 1450 1464 1491 1506 1508 1510 1511 1513 1524 1533 1538 1551 1558 1562 1565 1574 1596 1663 1679 1682 1690 1698 1701 1728 1732 1740 1746 1769 1796 1799 1828 1840 1869 1877 1880 1888 1913 1920 1960 2015 2053 2091 2106 2115 2144 2154 2176 2188 2213 2214 2239 2240 2306 2315 2398 2401 2408 2411 2423 2447 2454 2461 2514 2579 2603 2622 2623 2627 2637 2671 2675 2689 2733 2736 2743 2791 2794 2815 2827 2874 2883 2898 2908 2926 2932 2943 2947 2973 2990 3015 3035 3064 3071 3084 3085 3101 3107 3122 3128 3143 3149 3152 3180 3205 3212 3214 3229 3236 3313 3318 3326 3339 3347 3376 3398 3409 3427 3433 3451 3473 3487 3538 3541 3554 3578 3581 3584 3585 3587 3595 3615 3620 3645 3660 3665 3699 3756 3775 3792 3812 3819 3836 3846 3971 3981 4101 4106 4108 4115 4136 4140 4164 4176 4199 4215 4247 4251 4264 4269 4272 4295 4301 4317 4326 4350 4370 4376 4397 4404 4420 4425 4433 4437 4462 4483 4490 4502 4521 4561 4603 4620 4626 4636 4638 4679 4721 4734 4740 4763 4787 4796 4805 4807 4809 4811 4837 4852 4853 4868 4874 4916 4917 4927 4956 4961 4966 4986 5006 5012 5018 5044 5057 5063 5091 5099 5102 5112 5127 5130 5182 5239 5261 5269 5274 5350 5361 5369 5380 5397 5419 5422 5441 5448 5474 5477 5492 5501 5531 5535 5536 5539 5583 5607 5616 5633 5641 5647 5663 5692 5713 5728 5755 5770 5774 5784 5787 5797 5817 5841 5847 5851 5881 5900 5919 5931 5945 5948 5950 5959 6007 6023 6037 6043 6060 6067 6109 6119 6131 6157 6177 6191 6197 6200 6211 6231 6249 6256 6257 6263 6264 6269 6279 6298 6342 6357 6367 6377 6389 6395 6421 6430 6445 6455 6465 6470 6473 6505 6523 6560 6594 6597 6638 6649 6659 6664 6683 6685 6686 6688 6697 6698 6715 6719 6766 6790 6813 6816 6821 6850 6855 6856 6857 6866 6868 6871 6891 6893 6908 6918 6928 6943 6965 6977 6989 6992 6993 6996 7006 7020 7024 7034 7043 7054 7118 7123 7145 7146 7150 7158 7179 7193 7194 7199 7203 7224 7232 7233 7236 7243 7244 7263 7281 7293 7319 7361 7364 7419 7496 7504 7536 7572 7573 7582 7593 7596 7599 7616 7627 7632 7633 7670 7675 7679 7698 7701 7741 7751 7756 7773 7786 7791 7794 7833 7835 7865 7911 7920 7938 7949 7952 7960 7977 8012 8022 8026 8035 8038 8040 8049 8108 8136 8149 8155 8170 8193 8200 8218 8223 8226 8227 8230 8231 8237 8244 8263 8265 8267 8275 8283 8308 8318 8326 8332 8356 8369 8377 8406 8421 8424 8430 8431 8438 8442 8443 8446 8450 8455 8458 8469 8484 8488 8491 8492 8495 8502 8507 8511 8522 8539 8546 8551 8561 8562 8572 8606 8610 8638 8661 8704 8722 8808 8811 8823 8827 8845 8851 8874 8892 8928 8961 8977 8978 8982 8986 9007 9033 9043 9052 9070 9132 9133 9152 9160 9161 9200 9205 9212 9223 9226 9230 9237 9248 9250 9273 9279 9286 9300 9308 9316 9321 9322 9329 9332 9334 9343 9348 9358 9396 9408 9439 9455 
b : 12 14 34 39 40 49 51 53 55 57 83 149 214 288 312 330 366 397 417 423 437 484 487 542 548 564 594 599 624 674 748 752 803 810 811 877 879 886 965 989 992 996 1033 1070 1096 1100 1131 1147 1222 1229 1332 1368 1424 1448 1515 1521 1527 1531 1532 1534 1544 1545 1553 1556 1570 1584 1585 1586 1588 1589 1590 1592 1593 1594 1607 1654 1658 1699 1742 1772 1775 1791 1818 1830 1847 1858 1859 1867 1911 1921 1933 1936 1955 2017 2097 2116 2142 2146 2201 2221 2272 2307 2319 2388 2399 2409 2417 2420 2455 2462 2465 2572 2676 2708 2732 2738 2742 2843 2862 2910 2919 2960 3009 3036 3089 3102 3106 3108 3116 3211 3240 3263 3267 3270 3273 3275 3277 3279 3281 3300 3309 3321 3338 3340 3381 3461 3476 3536 3548 3616 3619 3672 3803 3810 3848 3849 3850 3894 3911 3991 4024 4027 4034 4040 4074 4079 4096 4097 4211 4219 4222 4237 4262 4265 4306 4393 4394 4405 4450 4487 4528 4568 4580 4631 4632 4664 4702 4733 4766 4776 4781 4820 4867 4889 4905 4922 4930 4935 4955 4965 5008 5009 5059 5065 5090 5114 5141 5146 5157 5168 5170 5189 5192 5241 5277 5284 5287 5292 5324 5326 5342 5345 5355 5371 5381 5427 5438 5464 5482 5491 5502 5520 5523 5532 5534 5558 5590 5602 5608 5615 5636 5640 5656 5685 5720 5746 5765 5775 5821 5875 5877 5930 5992 6013 6112 6136 6146 6179 6184 6187 6204 6209 6214 6225 6252 6276 6277 6294 6326 6341 6368 6431 6443 6447 6451 6468 6472 6478 6520 6522 6525 6573 6599 6613 6625 6644 6645 6722 6751 6756 6789 6809 6877 6914 6978 6994 7001 7005 7018 7059 7062 7065 7068 7071 7074 7082 7106 7109 7128 7174 7177 7204 7210 7217 7231 7239 7268 7276 7290 7300 7304 7369 7373 7427 7451 7490 7491 7558 7565 7584 7659 7697 7758 7863 7867 7880 7908 7916 7927 7933 7957 7963 7981 8018 8030 8059 8104 8137 8139 8272 8276 8278 8284 8357 8359 8385 8459 8485 8487 8512 8528 8538 8549 8573 8589 8590 8596 8605 8646 8668 8822 8840 8859 8863 8866 8868 8870 8872 8900 8902 8904 8921 8923 8925 8941 8944 8999 9042 9175 9176 9184 9222 9224 9240 9265 9323 9330 9378 9425 
c : 36 42 89 121 199 213 261 293 322 326 328 332 410 434 460 468 477 540 562 563 631 641 661 711 738 751 800 856 930 941 1022 1165 1181 1200 1227 1261 1278 1304 1318 1366 1376 1439 1442 1443 1516 1522 1539 1559 1611 1614 1618 1621 1624 1630 1653 1707 1713 1811 1822 1857 1862 1906 1924 1993 1995 2000 2002 2096 2125 2159 2197 2225 2261 2263 2264 2274 2300 2318 2328 2339 2354 2521 2564 2580 2585 2595 2604 2636 2653 2710 2762 2837 2839 2848 2855 2884 2922 2940 2959 2974 2977 2980 2985 3031 3087 3178 3181 3213 3242 3351 3370 3378 3441 3478 3479 3485 3496 3522 3575 3626 3634 3666 3752 3858 3861 3904 3921 3929 3992 4033 4043 4111 4141 4142 4231 4239 4305 4364 4374 4434 4479 4491 4497 4533 4543 4560 4578 4610 4727 4736 4759 4767 4773 4782 4797 4812 4983 5052 5129 5145 5160 5183 5231 5232 5341 5354 5406 5465 5509 5546 5564 5572 5609 5637 5638 5686 5714 5729 5739 5764 5783 5786 5794 5865 5874 5889 5904 5956 5984 5999 6083 6239 6282 6306 6317 6322 6448 6483 6514 6531 6555 6564 6580 6585 6628 6640 6656 6666 6678 6701 6720 6754 6759 6769 6796 6812 6819 6825 6883 6902 6907 6910 6919 6924 6934 6940 6945 6985 6987 7029 7052 7076 7089 7200 7206 7318 7323 7392 7420 7477 7499 7604 7615 7621 7706 7737 7821 7822 7842 7912 7913 7956 7962 8150 8156 8175 8242 8254 8296 8322 8367 8383 8434 8448 8472 8659 8678 8687 8712 8727 8837 8843 8852 9059 9101 9123 9142 9231 9246 9270 9271 
d : 41 179 187 191 198 205 212 215 248 278 282 311 376 445 496 514 516 556 587 592 606 618 629 655 701 750 761 782 785 795 801 878 921 922 986 999 1011 1034 1039 1214 1233 1272 1333 1339 1341 1347 1357 1383 1437 1452 1478 1530 1646 1681 1686 1729 1748 1750 1776 1816 1885 1930 1947 1962 1991 2027 2048 2069 2110 2163 2172 2193 2321 2329 2381 2384 2395 2418 2483 2487 2497 2518 2527 2539 2544 2548 2611 2617 2684 2686 2692 2697 2702 2711 2724 2737 2801 2860 2984 3004 3013 3047 3127 3133 3155 3221 3243 3311 3323 3401 3414 3442 3470 3498 3504 3530 3539 3544 3639 3658 3683 3718 3730 3773 3820 3878 3891 3963 3967 4009 4036 4042 4046 4070 4201 4204 4233 4341 4377 4407 4411 4439 4442 4473 4489 4511 4518 4550 4581 4639 4699 4728 4813 4924 4948 5045 5049 5066 5084 5107 5150 5152 5154 5177 5281 5328 5445 5494 5497 5503 5518 5710 5725 5749 5777 5812 5836 5861 5879 5965 5969 5994 6008 6028 6034 6101 6142 6152 6159 6163 6168 6352 6365 6432 6439 6477 6481 6494 6527 6629 6632 6642 6647 6657 6730 6737 6748 6758 6778 6782 6785 6803 6823 6860 6920 7046 7090 7170 7192 7198 7221 7223 7248 7331 7334 7338 7340 7351 7353 7366 7397 7401 7460 7469 7479 7493 7502 7509 7513 7542 7548 7563 7637 7639 7702 7738 7777 7781 7793 7823 7844 7874 8006 8019 8024 8028 8099 8115 8152 8220 8410 8474 8476 8550 8567 8574 8616 8682 8685 8728 8803 8820 8834 8885 8898 9003 9049 9061 9073 9116 9153 9168 9211 9277 9400 9412 9458 
e : 108 481 485 503 551 684 699 993 1031 1038 1201 1915 2057 2758 2979 3082 3193 3200 3372 3456 3468 3488 3500 3502 3507 3596 3715 3720 4037 4054 4110 4592 4653 4718 4824 4846 5321 5435 5439 5500 5580 5634 5655 5722 5837 5954 5991 6164 6169 6237 6400 6535 6679 6690 6880 6903 6923 6953 7219 7225 7387 7449 7598 7708 7862 8064 8096 8112 8148 8194 8215 8270 8330 8365 8453 8475 8582 8936 9119 9196 9304 9392 9447 
f : 17 26 37 100 104 139 160 173 237 310 412 431 572 637 679 767 791 812 872 951 963 970 1084 1088 1102 1124 1132 1135 1232 1271 1284 1297 1349 1354 1429 1447 1477 1517 1567 1601 1648 1660 1662 1664 1758 1763 1788 1801 1829 1835 1889 1976 1980 1984 2016 2050 2060 2071 2095 2126 2131 2199 2224 2357 2377 2432 2510 2515 2624 2639 2643 2705 2721 2744 2752 2846 2856 2909 3091 3123 3130 3135 3196 3215 3265 3354 3434 3455 3469 3474 3477 3499 3509 3524 3564 3565 3643 3721 3884 3913 3922 3930 3942 4107 4351 4354 4520 4569 4590 4625 4673 4681 4693 4723 4748 4821 4842 4958 5004 5019 5039 5055 5115 5117 5124 5159 5229 5230 5275 5285 5319 5409 5455 5483 5485 5488 5519 5538 5589 5643 5662 5684 5691 5705 5741 5842 5894 5925 5977 6016 6018 6099 6107 6133 6150 6232 6233 6243 6270 6290 6408 6411 6521 6556 6565 6570 6654 6705 6828 6853 6869 6917 6990 7015 7019 7057 7077 7079 7105 7237 7253 7262 7264 7269 7547 7578 7630 7684 7700 7752 7796 7813 7866 7909 7910 7926 7947 7997 8013 8054 8085 8088 8157 8212 8290 8309 8310 8329 8335 8368 8402 8413 8414 8429 8433 8452 8465 8490 8607 8660 8670 8801 8809 8810 8824 8879 8929 8931 8955 8965 8974 8980 8983 8987 8994 9001 9023 9031 9057 9080 9095 9098 9105 9128 9131 9151 9187 9207 9238 9267 9284 9373 9402 9427 9438 
g : 24 31 102 111 128 131 135 174 180 188 201 221 225 234 242 259 264 321 350 404 446 447 454 713 760 762 935 981 1027 1032 1048 1063 1104 1116 1137 1146 1171 1172 1194 1197 1219 1223 1258 1283 1288 1306 1393 1409 1426 1436 1456 1461 1484 1505 1537 1697 1825 1838 1842 1849 1939 1972 1973 1990 2052 2070 2122 2128 2204 2206 2278 2286 2293 2302 2324 2351 2386 2476 2499 2615 2644 2691 2802 2844 2894 2929 2981 3008 3017 3088 3259 3297 3306 3317 3423 3424 3429 3436 3493 3602 3656 3685 3732 3800 3807 3831 3833 3870 3987 3999 4080 4119 4123 4159 4190 4192 4197 4203 4209 4225 4263 4334 4444 4464 4823 4861 4872 4881 4931 4992 5007 5013 5024 5069 5075 5135 5162 5181 5262 5267 5362 5415 5693 5771 5788 5848 5852 5884 5927 5933 6026 6050 6126 6148 6262 6331 6340 6371 6415 6442 6488 6492 6652 6765 6805 6806 6863 6896 6930 6958 6967 6972 7045 7055 7228 7298 7321 7383 7424 7442 7507 7541 7556 7557 7618 7661 7662 7663 7681 7837 7873 7876 7879 7885 7906 7939 7968 7989 8002 8122 8125 8166 8167 8178 8324 8349 8361 8362 8531 8588 8604 8667 8807 8821 8856 8938 8984 8992 9094 9097 9108 9158 9173 9210 9236 9249 9299 9333 9338 9346 9385 9397 9414 9421 
h : 44 86 132 163 192 207 210 257 260 262 342 353 398 428 456 492 499 506 523 525 595 603 604 643 651 660 664 693 746 790 808 871 893 903 916 945 952 957 1083 1113 1118 1139 1163 1179 1234 1330 1364 1371 1401 1422 1486 1494 1495 1528 1552 1578 1603 1674 1683 1722 1726 1762 1864 1894 1898 1910 1937 1949 1957 1968 1974 2025 2114 2129 2150 2164 2166 2173 2175 2190 2196 2211 2291 2316 2435 2441 2502 2525 2567 2612 2659 2707 2719 2770 2816 2835 2842 2882 2952 2964 2967 3026 3078 3097 3129 3138 3141 3145 3217 3223 3245 3258 3283 3330 3334 3349 3363 3390 3399 3446 3450 3452 3531 3534 3542 3543 3569 3624 3686 3697 3703 3705 3710 3719 3746 3751 3768 3787 3789 3794 3825 3834 3841 3854 3903 3920 3936 3938 3939 3940 3947 3976 3984 3985 3996 4038 4057 4083 4104 4128 4132 4153 4234 4316 4325 4352 4360 4362 4385 4389 4391 4406 4419 4423 4453 4459 4461 4463 4526 4534 4538 4552 4555 4587 4596 4613 4623 4671 4676 4691 4695 4725 4731 4752 4786 4792 4806 4828 4836 4838 4866 4883 4895 4896 4899 4918 4925 4954 4959 4963 4964 4967 4968 4988 4991 5037 5047 5087 5096 5105 5120 5123 5128 5133 5137 5147 5149 5161 5313 5336 5353 5366 5417 5426 5430 5437 5444 5467 5510 5542 5562 5563 5582 5591 5598 5600 5619 5623 5626 5629 5631 5642 5677 5711 5745 5750 5789 5845 5855 5892 5905 5909 5916 5949 5972 5973 5981 5988 6017 6020 6044 6093 6121 6166 6181 6182 6321 6350 6425 6497 6501 6506 6519 6572 6576 6588 6591 6641 6729 6740 6854 6867 6874 6899 6932 6942 6983 6988 6998 6999 7003 7035 7103 7113 7117 7136 7138 7160 7212 7257 7260 7265 7267 7288 7291 7295 7341 7345 7358 7374 7376 7395 7407 7413 7426 7434 7437 7484 7503 7522 7523 7528 7570 7606 7620 7665 7709 7774 7787 7809 7832 7847 7852 7857 7881 7919 8083 8094 8105 8110 8135 8151 8179 8195 8257 8259 8260 8328 8346 8364 8382 8389 8398 8415 8437 8470 8479 8482 8500 8544 8617 8622 8626 8631 8645 8647 8696 8710 8735 8812 9021 9078 9084 9149 9253 9260 9291 9310 9340 9363 9420 9451 
i : 8 25 46 47 62 68 85 150 161 185 251 272 276 343 356 365 387 388 432 438 444 463 480 529 554 555 567 608 640 656 723 742 770 773 825 838 843 850 940 971 1014 1015 1055 1060 1065 1080 1086 1117 1138 1238 1362 1372 1397 1444 1475 1497 1518 1550 1555 1608 1635 1670 1678 1689 1704 1724 1809 1813 1814 1833 1876 1901 1916 1922 1969 1977 1981 1985 2013 2014 2047 2093 2119 2127 2134 2229 2238 2292 2303 2330 2337 2344 2374 2393 2397 2429 2430 2466 2505 2569 2619 2634 2651 2656 2712 2750 2751 2765 2774 2776 2850 2857 2935 3014 3076 3094 3165 3170 3179 3207 3218 3247 3284 3286 3294 3342 3458 3462 3486 3528 3537 3589 3593 3609 3636 3649 3674 3680 3708 3716 3733 3737 3743 3745 3749 3778 3791 3796 3824 3828 3892 3915 3918 4008 4015 4064 4120 4124 4138 4157 4160 4167 4184 4243 4244 4250 4252 4258 4349 4366 4372 4380 4392 4401 4409 4447 4493 4506 4519 4565 4566 4574 4575 4585 4617 4667 4678 4682 4683 4696 4768 4771 4790 4892 4893 4907 4938 4944 4995 5014 5056 5078 5103 5106 5119 5126 5136 5142 5143 5185 5186 5187 5220 5222 5278 5297 5303 5309 5322 5332 5374 5378 5383 5384 5387 5391 5400 5408 5421 5498 5527 5537 5570 5594 5601 5681 5697 5715 5732 5733 5735 5738 5761 5769 5773 5792 5799 5806 5815 5824 5906 5910 5957 5974 5975 5983 6045 6073 6092 6123 6127 6147 6170 6190 6205 6216 6245 6261 6267 6284 6297 6301 6315 6339 6358 6401 6471 6513 6578 6636 6653 6658 6669 6672 6680 6695 6708 6723 6733 6745 6755 6793 6798 6838 6847 6848 6947 6951 6960 6969 6974 7014 7078 7091 7122 7139 7155 7165 7249 7279 7286 7289 7302 7303 7306 7311 7386 7405 7433 7444 7455 7470 7505 7525 7530 7543 7552 7609 7614 7622 7626 7640 7689 7693 7712 7723 7765 7790 7798 7801 7817 7820 7834 7836 7841 7848 7868 7875 7921 7941 7969 7995 8011 8029 8031 8051 8058 8060 8090 8121 8131 8141 8164 8191 8199 8240 8248 8274 8294 8304 8320 8337 8352 8384 8390 8394 8409 8432 8440 8445 8478 8525 8568 8570 8624 8655 8672 8679 8680 8703 8717 8740 8745 8750 8756 8762 8768 8774 8780 8786 8789 8794 8798 8814 8894 8907 8910 8939 8951 8960 8985 9008 9011 9012 9028 9032 9034 9039 9045 9050 9055 9062 9063 9065 9066 9074 9088 9122 9139 9164 9204 9264 9272 9293 9354 9379 9384 9395 9405 9434 9442 
j : 263 344 543 553 569 580 614 636 829 962 1037 1053 1085 1101 1220 1317 2092 2136 2186 2347 2440 2471 2563 2677 2757 3336 3445 3523 3556 3598 3767 3837 4105 4137 4173 4245 4827 4869 5023 5180 5265 5304 5368 5540 5779 5830 5869 5995 6002 6042 6082 6176 6337 6356 6718 7280 7315 7465 7617 7715 7943 8095 8101 8111 8117 8285 8555 8564 9283 9337 9369 
k : 3 244 392 449 549 588 597 702 705 740 783 793 797 915 1073 1470 1514 1666 1695 1702 1817 1899 2149 2152 2160 2194 2257 2367 2379 2426 2540 2545 2618 2621 2680 2698 2718 2789 2819 2991 3057 3075 3203 3290 3343 3577 3641 3740 3774 3852 3945 3958 4071 4212 4229 4309 4347 4499 4604 4722 4784 5178 5246 5330 5352 5522 5557 5971 6040 6161 6260 6274 6398 6544 6738 7087 7097 7348 7398 7554 7600 7624 7651 7730 7761 7799 7861 8081 8804 8886 9020 9026 
l : 4 27 65 136 177 270 367 370 402 415 508 520 560 577 585 657 690 743 769 772 827 846 852 934 1020 1041 1153 1245 1359 1375 1434 1490 1557 1571 1581 1632 1633 1741 1770 1807 1820 1827 1832 1841 1845 1866 1879 1966 2090 2165 2167 2174 2177 2189 2205 2273 2284 2308 2346 2448 2478 2485 2519 2578 2602 2614 2734 2767 2793 2813 2868 2956 2971 2993 3083 3103 3109 3159 3303 3319 3322 3328 3332 3348 3383 3415 3418 3525 3586 3594 3599 3644 3653 3664 3781 3838 3886 3897 3912 3966 4170 4181 4217 4221 4248 4342 4344 4429 4430 4498 4514 4523 4557 4567 4802 4803 4839 4841 5058 5062 5163 5296 5344 5394 5414 5446 5545 5554 5561 5567 5664 5756 5758 5825 5839 5870 5898 5901 5902 5932 5944 5996 6011 6048 6061 6065 6075 6095 6103 6165 6178 6192 6207 6217 6266 6304 6327 6366 6380 6384 6396 6418 6426 6503 6534 6558 6605 6665 6673 6888 6913 6984 6991 7033 7175 7180 7220 7274 7294 7422 7435 7488 7539 7677 7705 7727 7767 8092 8106 8145 8146 8186 8268 8392 8400 8416 8423 8426 8532 8547 8552 8557 8666 8705 8833 8917 9126 9130 9141 9154 9242 9258 9285 9314 9317 9353 9359 9380 9382 
m : 103 143 184 223 300 459 500 532 558 610 625 626 645 653 677 686 697 764 817 834 836 876 888 891 897 906 909 950 956 966 995 1003 1009 1042 1054 1076 1081 1089 1095 1155 1185 1188 1290 1321 1346 1379 1433 1628 1634 1744 1757 1759 1761 1794 1800 1881 1883 1942 1944 1948 2008 2012 2054 2058 2061 2087 2137 2161 2180 2283 2404 2406 2427 2469 2542 2560 2605 2631 2670 2703 2730 2769 2829 2867 2879 2907 2931 2953 2955 3044 3158 3163 3227 3256 3264 3302 3346 3410 3432 3546 3550 3601 3651 3736 3742 3748 3914 3924 3973 4045 4073 4126 4145 4151 4165 4177 4188 4189 4200 4207 4213 4254 4296 4314 4319 4321 4323 4328 4330 4332 4359 4371 4398 4445 4467 4500 4618 4630 4860 4973 4989 4997 4998 5025 5029 5036 5053 5148 5158 5174 5266 5280 5310 5323 5337 5376 5386 5553 5595 5645 5924 5928 5952 6049 6058 6076 6079 6110 6189 6215 6251 6253 6280 6334 6422 6467 6516 6552 6557 6562 6571 6619 6633 6635 6650 6746 6762 6861 6887 6909 6916 6937 6955 7023 7025 7040 7100 7137 7172 7183 7234 7241 7254 7322 7344 7375 7454 7458 7463 7518 7534 7561 7569 7612 7629 7648 7668 7669 7692 7722 7742 7785 7788 7795 7816 7826 7839 7931 7992 8004 8079 8163 8184 8224 8233 8333 8354 8358 8456 8503 8513 8514 8537 8540 8558 8571 8600 8644 8648 8688 8795 8875 8890 8990 8995 8997 9077 9137 9148 9166 9188 9229 9274 9289 9301 9305 9307 9356 9381 9409 9426 9454 
n : 9 241 283 425 491 663 734 786 912 968 979 1111 1128 1134 1169 1267 1296 1351 1356 1373 1399 1420 1572 1575 1706 1760 1779 2009 2023 2028 2063 2208 2249 2252 2310 2350 2414 2479 2555 2754 2810 2851 2900 2915 2917 2918 3037 3061 3062 3063 3070 3099 3112 3119 3125 3132 3171 3190 3230 3250 3331 3335 3395 3417 3559 3618 3676 3702 3755 3835 3840 3844 3864 3900 3944 3950 3956 3962 4019 4049 4072 4206 4279 4300 4363 4383 4474 4503 4570 4601 4627 4685 4701 4732 4750 4798 4832 4871 4941 4946 4979 5010 5165 5206 5221 5289 5315 5364 5432 5452 5593 5614 5644 5650 5676 5679 5767 5818 5923 6172 6186 6226 6228 6230 6767 6800 6901 7004 7009 7013 7130 7161 7261 7273 7277 7284 7328 7336 7354 7365 7459 7464 7474 7483 7494 7526 7532 7566 7567 7577 7583 7611 7721 7732 7770 7899 7907 8042 8159 8162 8192 8353 8373 8401 8451 8471 8515 8599 8651 8653 8700 8721 8849 8897 8949 9038 9115 9227 9232 9255 9280 9292 9327 9365 9391 9453 9462 
o : 5 29 35 72 115 137 252 265 266 277 289 323 327 339 345 377 382 419 483 507 522 536 546 575 583 605 607 650 654 681 698 717 724 744 837 855 866 896 902 917 936 1000 1021 1026 1028 1093 1152 1177 1216 1243 1247 1262 1266 1295 1305 1312 1319 1323 1326 1336 1342 1410 1432 1453 1540 1542 1547 1554 1573 1609 1626 1627 1636 1644 1651 1656 1700 1705 1725 1730 1734 1736 1743 1771 1786 1792 1805 1846 1850 1871 1872 1967 2007 2021 2064 2074 2084 2085 2108 2118 2198 2210 2218 2230 2231 2237 2265 2332 2400 2553 2598 2657 2681 2735 2749 2782 2798 2805 2817 2838 2866 2876 2954 2994 2998 3002 3033 3136 3144 3154 3166 3172 3197 3307 3320 3352 3454 3465 3472 3494 3590 3622 3623 3652 3677 3704 3722 3724 3762 3765 3782 3786 3797 3804 3811 3813 3842 3845 3899 3952 3982 3997 4029 4032 4058 4092 4103 4129 4147 4148 4149 4152 4154 4183 4249 4268 4277 4286 4307 4312 4335 4386 4396 4422 4438 4468 4470 4485 4492 4522 4536 4554 4558 4579 4606 4607 4614 4624 4675 4686 4697 4705 4708 4756 4758 4762 4779 4818 4856 4875 4882 4939 4976 4999 5003 5125 5194 5210 5242 5257 5263 5273 5288 5306 5335 5356 5370 5393 5423 5429 5433 5461 5475 5484 5525 5541 5574 5618 5635 5687 5695 5781 5819 5831 5832 6000 6030 6062 6066 6098 6106 6203 6212 6220 6221 6235 6275 6283 6299 6300 6323 6324 6338 6343 6347 6362 6433 6526 6541 6561 6577 6586 6602 6603 6646 6668 6721 6760 6795 6801 6841 6881 6897 6921 7008 7031 7032 7080 7126 7129 7140 7186 7202 7215 7229 7245 7258 7287 7378 7384 7391 7403 7412 7425 7436 7453 7508 7529 7586 7603 7647 7667 7686 7726 7734 7800 7901 8078 8138 8188 8213 8273 8289 8327 8334 8460 8481 8508 8520 8548 8553 8601 8637 8657 8664 8673 8675 8677 8692 8706 8738 8739 8743 8744 8748 8749 8754 8755 8760 8761 8766 8767 8772 8773 8778 8779 8784 8785 8793 8813 8838 8854 8911 8918 8940 8953 8967 8968 8971 8996 8998 9017 9027 9054 9069 9134 9140 9145 9146 9165 9177 9179 9192 9218 9288 9342 9415 9416 
p : 91 101 114 119 125 275 290 313 338 381 407 528 571 678 787 818 887 895 948 961 1184 1205 1230 1369 1396 1546 1582 1617 1639 1711 1718 1721 1733 1753 1754 1756 1767 1873 1904 1908 1998 2005 2121 2226 2262 2504 2551 2704 2728 2803 2814 2875 2923 2938 3032 3055 3147 3288 3293 3453 3647 3650 3713 3934 4048 4253 4255 4256 4260 4270 4273 4294 4440 4564 4608 4615 4677 4680 4843 4855 4878 4950 5005 5026 5033 5034 5064 5098 5140 5202 5234 5253 5259 5291 5373 5390 5399 5481 5577 5617 5648 5652 5754 5810 5823 5921 5990 6063 6124 6247 6458 6490 6569 6583 6595 6620 6742 6900 6949 7049 7056 7125 7162 7282 7292 7316 7342 7359 7363 7452 7500 7594 7613 7628 7635 7688 7759 7768 7805 7840 7859 7864 7870 7944 7959 7965 7984 7987 8010 8052 8062 8077 8097 8113 8129 8238 8250 8256 8292 8315 8370 8378 8425 8428 8462 8662 8694 8715 8725 8731 8800 8889 8942 8993 9030 9035 9053 9127 9150 9206 9287 9324 9350 
q : 286 671 1398 2755 4357 4368 4378 4694 4817 4993 5918 6441 
r : 69 120 151 472 574 582 647 1067 1087 1168 1225 1235 1275 1299 1391 1431 1458 1479 1507 1519 1541 1543 1566 1569 1580 1600 1675 1687 1798 1874 1978 1982 1986 2010 2111 2220 2290 2301 2385 2444 2573 2584 2628 2647 2771 2781 2796 2804 2828 2865 2890 3402 3484 3491 3506 3517 3655 3954 4007 4011 4094 4102 4311 4426 4431 4531 4546 4549 4571 4586 4672 4900 4911 4934 5100 5197 5204 5227 5238 5251 5282 5402 5568 5678 5707 5718 5752 5766 5838 5947 5958 5979 6015 6024 6086 6132 6154 6234 6238 6318 6360 6403 6457 6592 6692 6707 6744 6827 6840 6858 6876 6912 7133 7143 7167 7307 7471 7498 7590 7655 7803 7829 7850 7854 7856 7929 7946 8068 8201 8251 8269 8578 8615 8832 8958 9047 9121 9367 9464 
s : 13 22 61 74 95 98 117 159 189 193 245 246 254 371 435 440 441 442 478 489 521 545 552 566 579 602 620 633 680 721 735 749 766 824 831 832 847 905 947 949 1008 1036 1046 1050 1059 1107 1110 1112 1123 1125 1141 1143 1149 1159 1161 1166 1178 1204 1208 1228 1231 1239 1254 1269 1314 1363 1367 1370 1374 1377 1378 1387 1395 1472 1476 1529 1604 1629 1641 1642 1661 1694 1710 1716 1720 1723 1789 1824 1844 1907 1927 1941 1951 2019 2055 2056 2075 2079 2100 2103 2113 2184 2187 2209 2233 2234 2236 2241 2242 2279 2280 2282 2287 2288 2298 2311 2341 2343 2353 2360 2371 2372 2391 2402 2415 2474 2534 2588 2591 2610 2650 2660 2665 2682 2761 2763 2896 2906 2927 2951 2966 3001 3019 3024 3045 3049 3073 3095 3118 3121 3153 3157 3161 3185 3186 3187 3261 3298 3374 3389 3447 3475 3513 3515 3553 3561 3661 3753 3779 3783 3788 3798 3827 3855 3866 3872 3873 3876 3902 3907 3909 3959 3983 3993 4041 4051 4084 4090 4112 4174 4178 4179 4240 4246 4267 4280 4283 4297 4395 4399 4412 4415 4482 4535 4540 4541 4544 4611 4628 4669 4674 4698 4751 4757 4760 4769 4808 4810 4835 4844 4845 4888 4897 4914 4920 4947 4974 5001 5032 5071 5081 5093 5104 5131 5167 5223 5258 5270 5276 5318 5333 5334 5357 5398 5425 5469 5470 5472 5528 5628 5639 5649 5657 5665 5668 5670 5694 5704 5747 5759 5778 5780 5803 5811 5833 5887 5912 5938 5960 5961 5966 6031 6071 6084 6090 6091 6097 6105 6115 6248 6250 6255 6273 6313 6319 6333 6381 6429 6529 6537 6538 6550 6567 6607 6661 6667 6675 6676 6703 6749 6750 6776 6779 6783 6786 6788 6791 6807 6814 6824 6870 6894 6905 6957 6966 6971 6979 7022 7027 7036 7051 7116 7154 7195 7201 7238 7240 7255 7283 7297 7330 7337 7349 7357 7404 7431 7517 7607 7619 7634 7643 7646 7658 7711 7717 7719 7739 7776 7780 7814 7972 7974 7999 8015 8036 8043 8070 8074 8084 8202 8206 8216 8302 8319 8391 8399 8407 8408 8439 8486 8497 8506 8516 8554 8563 8625 8737 8742 8747 8753 8759 8765 8771 8777 8783 8844 8880 8888 8916 8988 9092 9103 9159 9162 9170 9214 9259 9278 9296 9368 9423 9437 9440 9444 9446 
t : 1 7 16 21 23 30 45 84 97 105 110 130 146 157 162 172 182 190 203 209 235 236 267 271 292 297 340 357 358 361 373 383 393 403 405 406 424 426 427 430 439 479 493 498 510 515 519 524 537 550 568 573 581 589 591 596 598 617 621 628 634 642 644 652 662 665 667 676 685 687 691 708 712 727 736 737 745 778 789 802 809 813 819 835 845 854 857 862 863 874 898 901 913 923 925 927 932 937 938 953 988 1018 1035 1043 1049 1071 1075 1078 1082 1092 1115 1129 1130 1142 1154 1157 1160 1175 1186 1198 1210 1213 1218 1248 1252 1253 1282 1298 1301 1307 1315 1350 1355 1361 1385 1394 1402 1417 1423 1427 1430 1449 1455 1457 1459 1465 1468 1469 1485 1498 1509 1576 1577 1602 1638 1647 1692 1693 1731 1735 1738 1751 1780 1782 1787 1790 1793 1806 1810 1821 1851 1886 1887 1893 1897 1902 1914 1923 1940 1964 1965 1996 2003 2029 2032 2034 2035 2037 2039 2041 2043 2059 2072 2080 2081 2082 2086 2094 2102 2105 2112 2133 2155 2156 2158 2169 2179 2182 2215 2217 2266 2271 2304 2312 2313 2314 2322 2325 2349 2363 2369 2387 2392 2403 2416 2419 2421 2424 2425 2436 2437 2452 2459 2460 2464 2467 2468 2473 2486 2488 2492 2493 2526 2550 2556 2558 2559 2568 2600 2601 2632 2633 2635 2638 2645 2649 2652 2663 2674 2679 2701 2706 2713 2715 2731 2741 2760 2772 2783 2790 2795 2797 2806 2807 2823 2824 2836 2841 2847 2852 2864 2873 2877 2892 2904 2912 2928 2934 2939 2950 2970 2976 2982 2988 2989 2999 3003 3023 3072 3077 3079 3081 3090 3137 3139 3140 3142 3168 3175 3189 3192 3199 3226 3231 3237 3238 3244 3246 3255 3260 3262 3287 3299 3305 3310 3324 3325 3345 3355 3356 3361 3362 3366 3367 3382 3385 3393 3396 3403 3419 3420 3438 3463 3467 3481 3483 3519 3532 3552 3555 3558 3560 3570 3573 3580 3588 3592 3629 3657 3659 3667 3675 3681 3684 3698 3709 3747 3759 3776 3785 3801 3802 3805 3808 3809 3814 3839 3859 3862 3867 3871 3881 3887 3890 3896 3905 3919 3937 3943 3948 3951 3953 3955 3972 3988 4000 4016 4039 4050 4059 4089 4093 4109 4117 4118 4122 4127 4133 4161 4168 4185 4193 4194 4195 4210 4216 4218 4242 4259 4266 4278 4285 4299 4302 4303 4308 4310 4315 4320 4324 4329 4343 4381 4387 4403 4410 4417 4421 4428 4435 4448 4451 4452 4458 4466 4505 4510 4517 4527 4547 4551 4553 4559 4576 4583 4589 4600 4612 4622 4637 4663 4668 4670 4692 4700 4706 4712 4713 4719 4724 4729 4735 4737 4755 4772 4777 4778 4780 4785 4791 4794 4819 4822 4825 4850 4854 4873 4876 4886 4887 4898 4915 4926 4951 4953 4957 4978 4980 4982 4996 5000 5016 5022 5030 5038 5040 5043 5046 5051 5074 5076 5086 5088 5092 5110 5116 5118 5153 5156 5166 5169 5173 5188 5190 5195 5217 5228 5240 5243 5252 5264 5283 5286 5298 5299 5305 5314 5317 5320 5331 5363 5365 5375 5379 5396 5401 5404 5405 5407 5413 5418 5420 5428 5434 5447 5449 5450 5480 5489 5490 5495 5526 5530 5555 5565 5576 5579 5587 5646 5708 5716 5717 5719 5727 5736 5740 5744 5751 5782 5793 5798 5814 5820 5822 5826 5828 5829 5846 5849 5853 5862 5872 5873 5876 5882 5883 5885 5896 5920 5926 5940 5953 5963 5976 5978 5982 5997 5998 6006 6021 6027 6029 6035 6038 6053 6059 6078 6085 6087 6089 6096 6104 6114 6151 6173 6174 6183 6185 6193 6195 6199 6202 6210 6213 6222 6236 6258 6271 6291 6292 6305 6311 6312 6325 6336 6348 6351 6353 6354 6355 6359 6361 6364 6372 6373 6379 6383 6393 6397 6404 6405 6419 6434 6444 6446 6454 6464 6489 6491 6515 6532 6533 6540 6542 6543 6546 6566 6568 6579 6587 6590 6593 6596 6598 6604 6606 6618 6626 6655 6660 6663 6674 6687 6689 6694 6699 6709 6713 6724 6728 6731 6734 6741 6743 6753 6757 6768 6770 6810 6811 6829 6830 6839 6843 6851 6852 6864 6875 6878 6882 6885 6892 6895 6904 6906 6922 6931 6933 6944 6952 6956 6975 6981 7000 7011 7021 7037 7038 7050 7058 7061 7064 7067 7070 7073 7081 7099 7102 7107 7108 7114 7119 7120 7127 7134 7141 7147 7176 7181 7211 7213 7216 7226 7227 7230 7235 7247 7250 7266 7275 7296 7308 7317 7320 7326 7329 7368 7379 7390 7400 7415 7430 7441 7443 7445 7450 7468 7482 7486 7487 7516 7527 7550 7551 7564 7568 7574 7575 7581 7589 7591 7595 7597 7602 7610 7625 7653 7666 7671 7683 7694 7695 7699 7704 7710 7724 7725 7728 7755 7764 7766 7775 7792 7804 7808 7812 7825 7838 7846 7851 7853 7855 7858 7869 7878 7898 7917 7945 7953 7958 7964 7983 7991 7996 7998 8003 8007 8017 8033 8039 8041 8063 8065 8098 8100 8114 8116 8119 8120 8126 8130 8154 8169 8171 8172 8173 8181 8187 8189 8190 8196 8252 8253 8266 8277 8282 8291 8297 8314 8321 8336 8340 8345 8347 8351 8355 8422 8441 8444 8447 8461 8489 8496 8501 8504 8509 8519 8521 8541 8545 8559 8576 8581 8587 8591 8593 8595 8634 8639 8641 8656 8669 8690 8693 8697 8707 8711 8714 8716 8723 8729 8733 8736 8796 8799 8815 8835 8836 8839 8857 8858 8877 8896 8908 8912 8913 8919 8930 8935 8954 8964 8979 8991 9016 9022 9029 9040 9058 9076 9079 9093 9104 9125 9129 9138 9144 9155 9163 9174 9197 9213 9228 9233 9234 9243 9262 9268 9318 9339 9341 9347 9355 9371 9372 9390 9401 9413 9417 9422 9424 9466 9478 9480 
u : 63 93 147 291 347 531 616 666 964 969 1191 1327 1352 1487 1548 1712 1719 1764 1768 1909 1970 2227 2506 2640 2648 2863 3162 3219 3233 3235 3379 3563 3566 3879 3893 4144 4171 4196 4446 4501 4981 5054 5293 5343 5410 5907 5911 5937 6141 6438 6706 6716 6732 6879 7016 7124 7480 7990 8044 8168 8279 8317 8580 9005 
v : 113 284 420 1676 1783 2168 2178 2191 2394 2509 4847 5216 5493 5544 6077 6510 6512 6517 6589 6862 6884 7188 7540 7580 8417 8709 8719 
w : 10 19 43 195 250 268 280 281 298 314 337 349 364 399 401 408 411 414 418 443 455 466 476 505 535 557 615 649 669 688 692 695 706 741 776 777 779 792 794 796 798 823 842 849 873 900 904 919 939 1001 1012 1091 1094 1105 1114 1192 1209 1221 1281 1380 1382 1392 1414 1428 1471 1525 1749 1778 1804 1870 1892 1950 1997 2004 2031 2077 2078 2098 2107 2123 2135 2145 2195 2223 2250 2258 2296 2422 2431 2443 2446 2449 2453 2472 2495 2517 2520 2522 2523 2524 2528 2537 2549 2577 2583 2655 2668 2672 2683 2688 2695 2700 2714 2716 2729 2740 2756 2759 2787 2878 2914 2924 2933 2946 2949 2962 2963 2969 3020 3022 3053 3056 3065 3080 3093 3105 3146 3148 3174 3184 3191 3195 3198 3204 3241 3291 3304 3315 3359 3407 3439 3551 3571 3579 3582 3583 3610 3611 3628 3637 3741 3757 3771 3793 3843 3882 3883 3888 3889 3906 3910 3925 3946 3969 3970 4022 4060 4087 4116 4121 4186 4198 4205 4288 4318 4327 4353 4355 4358 4373 4402 4477 4507 4509 4512 4516 4525 4539 4572 4577 4584 4595 4616 4641 4645 4690 4707 4711 4738 4749 4754 4774 4775 4793 4800 4815 4833 4857 4859 4880 4933 4936 4985 5042 5048 5073 5077 5085 5089 5097 5109 5111 5113 5121 5122 5134 5151 5193 5244 5250 5268 5271 5279 5295 5300 5307 5308 5312 5316 5329 5339 5351 5389 5392 5403 5412 5436 5440 5443 5456 5533 5605 5606 5630 5690 5712 5723 5737 5785 5816 5835 5864 5868 5880 5886 5893 5897 5913 5935 5943 5951 5955 5967 5986 5993 6003 6005 6022 6046 6069 6072 6118 6129 6130 6144 6272 6286 6303 6320 6332 6335 6345 6363 6391 6394 6406 6436 6496 6498 6524 6547 6551 6563 6575 6601 6627 6671 6682 6696 6711 6712 6725 6727 6735 6771 6817 6859 6889 6890 6911 6964 6997 7002 7012 7026 7028 7039 7044 7084 7085 7098 7104 7111 7112 7115 7149 7152 7178 7190 7197 7205 7208 7209 7214 7218 7246 7251 7271 7272 7314 7327 7352 7372 7377 7399 7411 7414 7418 7423 7432 7439 7446 7448 7457 7462 7467 7472 7481 7489 7506 7515 7537 7546 7571 7587 7638 7696 7716 7763 7807 7811 7818 7828 7845 7872 7877 7882 7883 7884 7915 7937 7942 8009 8016 8021 8027 8032 8091 8093 8107 8123 8127 8140 8147 8158 8160 8180 8262 8363 8405 8427 8449 8466 8494 8499 8510 8534 8535 8536 8569 8577 8584 8586 8592 8597 8630 8635 8636 8640 8652 8683 8689 8691 8713 8909 9018 9067 9072 9089 9107 9114 9124 9147 9157 9172 9239 9241 9254 9261 9309 9320 9328 9364 9389 9411 
y : 59 82 92 116 138 158 247 331 352 394 400 409 413 448 497 527 565 570 576 584 611 613 632 670 704 820 841 848 920 967 987 991 1007 1013 1025 1030 1044 1052 1058 1064 1109 1121 1158 1249 1257 1277 1287 1300 1311 1384 1403 1406 1473 1492 1501 1512 1526 1568 1597 1640 1645 1773 1878 1912 1946 1952 1961 1994 2001 2170 2183 2203 2219 2232 2356 2407 2433 2438 2484 2496 2533 2552 2582 2620 2626 2664 2690 2720 2766 2818 2832 2870 2897 2905 2961 2992 3007 3021 3027 3030 3034 3058 3248 3251 3253 3292 3314 3344 3357 3360 3368 3394 3397 3404 3408 3413 3428 3440 3457 3497 3505 3518 3568 3572 3604 3612 3625 3640 3723 3727 3731 3857 3865 3869 3875 3975 3995 4004 4031 4047 4053 4056 4158 4166 4182 4232 4236 4238 4287 4337 4346 4348 4367 4418 4443 4478 4484 4508 4513 4532 4537 4562 4609 4717 4764 4770 4804 4826 4851 4912 4929 4940 4945 4987 5015 5072 5226 5237 5256 5424 5431 5454 5466 5473 5499 5504 5511 5517 5529 5560 5566 5571 5575 5588 5613 5620 5625 5632 5654 5688 5700 5702 5706 5709 5731 5742 5748 5753 5757 5863 5917 5946 5968 6014 6033 6047 6074 6102 6153 6158 6198 6206 6219 6227 6244 6288 6330 6376 6390 6402 6417 6424 6440 6456 6474 6480 6482 6600 6637 6764 6818 6822 6826 6842 6939 6948 6970 7088 7151 7171 7184 7187 7191 7347 7371 7381 7408 7510 7514 7549 7644 7645 7652 7676 7680 7772 7779 7810 7827 7935 7961 7978 8023 8050 8053 8061 8067 8069 8073 8087 8103 8205 8219 8241 8301 8480 8542 8560 8566 8611 8665 8686 8698 8701 8718 8732 8828 8847 9037 9091 9111 9117 9169 9216 9245 9257 9298 9303 9311 9375 
